SK_ID_CURR,TARGET
100001,0.15
100005,0.15
100013,0.09
100028,0.15
100038,0.21
100042,0.1
100057,0.12
100065,0.15
100066,0.06
100067,0.22
100074,0.11
100090,0.05
100091,0.17
100092,0.18
100106,0.14
100107,0.29
100109,0.19
100117,0.19
100128,0.16
100141,0.11
100150,0.07
100168,0.12
100169,0.22
100170,0.09
100171,0.08
100172,0.26
100184,0.23
100187,0.13
100212,0.2
100222,0.21
100223,0.13
100232,0.16
100241,0.27
100245,0.11
100253,0.03
100256,0.12
100271,0.18
100278,0.27
100280,0.13
100306,0.23
100311,0.24
100312,0.16
100330,0.23
100331,0.08
100352,0.25
100358,0.15
100367,0.16
100382,0.22
100384,0.21
100385,0.16
100386,0.16
100399,0.1
100404,0.16
100416,0.13
100422,0.25
100426,0.11
100438,0.07
100444,0.3
100445,0.24
100446,0.09
100447,0.1
100450,0.15
100466,0.11
100483,0.13
100484,0.15
100494,0.15
100510,0.26
100512,0.16
100517,0.09
100548,0.17
100551,0.15
100552,0.19
100553,0.07
100561,0.15
100568,0.39
100569,0.15
100591,0.25
100592,0.08
100602,0.22
100607,0.08
100613,0.18
100617,0.17
100618,0.24
100622,0.21
100625,0.23
100677,0.21
100699,0.11
100702,0.29
100711,0.17
100729,0.23
100740,0.18
100744,0.21
100745,0.13
100747,0.18
100751,0.45
100752,0.26
100753,0.32
100754,0.13
100760,0.22
100762,0.2
100763,0.18
100765,0.1
100770,0.11
100772,0.12
100777,0.1
100791,0.09
100792,0.12
100797,0.13
100823,0.17
100826,0.13
100830,0.12
100836,0.38
100872,0.09
100910,0.08
100913,0.28
100918,0.16
100931,0.05
100952,0.19
100953,0.17
100965,0.31
100970,0.13
100982,0.23
100983,0.31
100984,0.11
100987,0.16
100997,0.13
100998,0.19
101002,0.2
101005,0.22
101008,0.18
101020,0.14
101021,0.11
101024,0.27
101025,0.23
101026,0.15
101031,0.15
101041,0.09
101051,0.05
101055,0.11
101056,0.35
101057,0.1
101064,0.09
101079,0.15
101087,0.06
101090,0.1
101092,0.17
101097,0.15
101099,0.12
101107,0.23
101118,0.19
101125,0.17
101126,0.08
101128,0.11
101136,0.19
101140,0.29
101149,0.15
101160,0.11
101169,0.35
101181,0.11
101186,0.08
101190,0.2
101193,0.23
101194,0.28
101198,0.2
101200,0.1
101204,0.17
101211,0.15
101213,0.2
101223,0.11
101225,0.17
101237,0.23
101243,0.18
101244,0.25
101258,0.18
101259,0.19
101268,0.16
101269,0.11
101271,0.19
101279,0.06
101281,0.21
101287,0.17
101292,0.15
101294,0.13
101296,0.14
101297,0.1
101299,0.19
101301,0.1
101305,0.22
101308,0.2
101318,0.12
101327,0.3
101329,0.04
101332,0.2
101337,0.1
101343,0.1
101345,0.09
101346,0.1
101353,0.05
101354,0.15
101355,0.27
101356,0.09
101362,0.13
101363,0.27
101365,0.06
101366,0.19
101367,0.18
101368,0.01
101374,0.14
101380,0.1
101383,0.11
101398,0.09
101399,0.29
101401,0.23
101412,0.16
101426,0.14
101427,0.36
101428,0.29
101429,0.27
101434,0.17
101440,0.19
101448,0.16
101449,0.05
101465,0.13
101467,0.1
101472,0.24
101478,0.23
101497,0.16
101504,0.22
101547,0.14
101548,0.23
101555,0.23
101570,0.14
101572,0.17
101578,0.28
101580,0.26
101588,0.24
101602,0.1
101610,0.28
101614,0.21
101616,0.17
101643,0.15
101644,0.06
101649,0.12
101650,0.17
101665,0.06
101667,0.14
101669,0.1
101674,0.14
101675,0.06
101678,0.14
101682,0.13
101686,0.15
101697,0.33
101700,0.32
101711,0.16
101714,0.11
101715,0.29
101728,0.17
101732,0.15
101757,0.24
101758,0.2
101759,0.17
101762,0.14
101764,0.14
101780,0.32
101784,0.14
101789,0.1
101816,0.16
101819,0.18
101827,0.07
101863,0.15
101867,0.17
101870,0.08
101873,0.33
101878,0.24
101879,0.14
101880,0.08
101887,0.11
101897,0.19
101901,0.14
101903,0.18
101920,0.1
101921,0.13
101922,0.24
101961,0.17
101962,0.18
101971,0.12
101976,0.22
102002,0.17
102005,0.12
102007,0.34
102017,0.09
102019,0.24
102029,0.14
102051,0.31
102052,0.07
102054,0.08
102062,0.13
102067,0.26
102068,0.23
102070,0.11
102090,0.15
102092,0.12
102099,0.19
102100,0.08
102112,0.12
102113,0.08
102122,0.22
102123,0.2
102125,0.14
102126,0.22
102146,0.15
102147,0.17
102151,0.1
102158,0.16
102159,0.15
102162,0.19
102165,0.11
102166,0.07
102174,0.09
102193,0.22
102198,0.19
102205,0.18
102206,0.09
102218,0.08
102221,0.11
102230,0.12
102238,0.15
102248,0.15
102252,0.35
102259,0.17
102262,0.26
102273,0.13
102286,0.25
102293,0.15
102294,0.07
102296,0.1
102298,0.12
102303,0.09
102309,0.13
102315,0.19
102340,0.21
102342,0.13
102344,0.22
102346,0.19
102347,0.17
102374,0.24
102380,0.18
102387,0.16
102393,0.08
102403,0.06
102413,0.18
102414,0.1
102415,0.12
102416,0.08
102439,0.18
102441,0.08
102443,0.11
102444,0.21
102445,0.23
102448,0.07
102449,0.15
102450,0.24
102456,0.11
102458,0.21
102459,0.09
102465,0.11
102470,0.23
102471,0.13
102475,0.2
102476,0.17
102506,0.23
102509,0.1
102519,0.18
102522,0.1
102545,0.11
102549,0.14
102562,0.04
102563,0.07
102568,0.2
102582,0.1
102592,0.13
102597,0.15
102605,0.15
102614,0.19
102617,0.15
102634,0.11
102652,0.14
102655,0.05
102671,0.11
102694,0.2
102701,0.11
102703,0.07
102704,0.09
102713,0.13
102720,0.21
102731,0.12
102733,0.1
102749,0.09
102755,0.13
102763,0.07
102770,0.09
102772,0.14
102799,0.25
102838,0.12
102854,0.14
102862,0.18
102863,0.15
102867,0.09
102868,0.08
102878,0.15
102887,0.08
102898,0.32
102904,0.09
102912,0.1
102919,0.09
102927,0.13
102932,0.11
102933,0.15
102935,0.11
102958,0.14
102969,0.13
102971,0.14
102975,0.01
102979,0.1
102982,0.04
102987,0.23
102989,0.28
102995,0.1
102996,0.21
103000,0.18
103001,0.16
103004,0.22
103010,0.07
103025,0.23
103029,0.14
103046,0.17
103056,0.11
103062,0.2
103078,0.14
103083,0.09
103092,0.12
103096,0.13
103097,0.21
103102,0.18
103112,0.21
103132,0.07
103144,0.19
103145,0.21
103146,0.06
103147,0.27
103158,0.11
103171,0.17
103173,0.13
103184,0.1
103195,0.26
103196,0.19
103206,0.18
103230,0.14
103231,0.19
103232,0.09
103239,0.25
103240,0.18
103243,0.14
103252,0.21
103258,0.11
103259,0.2
103279,0.09
103280,0.06
103286,0.08
103287,0.34
103290,0.06
103298,0.17
103315,0.09
103319,0.08
103334,0.1
103336,0.27
103345,0.08
103368,0.09
103371,0.26
103377,0.1
103398,0.06
103404,0.12
103408,0.17
103410,0.09
103418,0.06
103420,0.24
103432,0.16
103433,0.09
103436,0.08
103440,0.1
103453,0.16
103459,0.15
103460,0.15
103461,0.09
103462,0.18
103473,0.19
103474,0.1
103475,0.21
103478,0.25
103480,0.18
103484,0.13
103494,0.13
103513,0.23
103515,0.13
103516,0.31
103525,0.17
103541,0.12
103544,0.12
103562,0.35
103570,0.31
103572,0.18
103574,0.11
103575,0.12
103591,0.23
103594,0.14
103609,0.14
103613,0.14
103614,0.2
103615,0.1
103624,0.14
103625,0.26
103628,0.28
103629,0.1
103647,0.1
103648,0.08
103651,0.1
103658,0.12
103668,0.14
103669,0.12
103676,0.16
103682,0.13
103683,0.19
103689,0.09
103725,0.11
103733,0.19
103744,0.07
103762,0.18
103771,0.36
103773,0.06
103783,0.13
103784,0.15
103808,0.1
103812,0.13
103813,0.16
103814,0.15
103818,0.21
103824,0.1
103828,0.1
103830,0.26
103840,0.11
103842,0.2
103847,0.21
103848,0.24
103851,0.07
103854,0.19
103857,0.31
103861,0.09
103862,0.22
103865,0.2
103870,0.07
103876,0.11
103891,0.44
103908,0.1
103914,0.26
103918,0.19
103940,0.12
103963,0.21
103966,0.23
103971,0.12
103980,0.19
103984,0.12
103985,0.08
103998,0.22
104019,0.06
104026,0.09
104035,0.16
104044,0.23
104045,0.21
104047,0.25
104051,0.11
104058,0.22
104063,0.11
104066,0.19
104087,0.06
104089,0.09
104095,0.11
104098,0.19
104104,0.07
104110,0.26
104120,0.17
104122,0.06
104131,0.14
104132,0.19
104135,0.12
104136,0.07
104149,0.15
104150,0.12
104156,0.29
104165,0.2
104175,0.09
104179,0.25
104184,0.22
104206,0.09
104216,0.28
104230,0.28
104257,0.09
104272,0.12
104273,0.17
104278,0.08
104294,0.25
104295,0.11
104297,0.09
104298,0.09
104308,0.14
104318,0.04
104319,0.1
104320,0.26
104327,0.16
104334,0.18
104344,0.15
104350,0.15
104351,0.22
104354,0.17
104369,0.13
104376,0.08
104381,0.08
104384,0.12
104391,0.14
104394,0.12
104398,0.31
104402,0.1
104408,0.16
104409,0.07
104410,0.31
104412,0.22
104417,0.2
104424,0.2
104426,0.15
104435,0.16
104445,0.15
104458,0.13
104460,0.16
104466,0.1
104472,0.13
104473,0.16
104479,0.13
104480,0.13
104482,0.15
104499,0.09
104501,0.08
104502,0.09
104506,0.11
104510,0.12
104512,0.23
104520,0.13
104528,0.19
104529,0.09
104541,0.18
104578,0.12
104584,0.18
104588,0.16
104602,0.2
104610,0.18
104611,0.15
104618,0.13
104620,0.11
104622,0.08
104624,0.21
104625,0.16
104634,0.18
104639,0.15
104646,0.09
104647,0.1
104652,0.1
104670,0.16
104677,0.15
104685,0.25
104691,0.19
104696,0.11
104699,0.15
104712,0.18
104714,0.14
104717,0.17
104718,0.1
104740,0.04
104741,0.05
104743,0.11
104744,0.16
104747,0.19
104767,0.1
104772,0.32
104776,0.15
104779,0.09
104814,0.16
104815,0.09
104830,0.11
104831,0.13
104833,0.21
104839,0.12
104840,0.11
104860,0.17
104861,0.13
104866,0.08
104870,0.09
104877,0.15
104878,0.09
104879,0.09
104880,0.09
104899,0.15
104906,0.14
104907,0.16
104913,0.19
104916,0.11
104921,0.16
104930,0.05
104931,0.23
104936,0.13
104937,0.17
104942,0.16
104943,0.1
104969,0.29
104972,0.19
104988,0.09
105013,0.15
105015,0.14
105019,0.15
105027,0.18
105030,0.15
105035,0.34
105041,0.13
105051,0.11
105056,0.15
105067,0.32
105071,0.05
105072,0.11
105074,0.21
105091,0.08
105101,0.09
105103,0.11
105134,0.1
105139,0.1
105142,0.23
105146,0.08
105163,0.09
105168,0.3
105172,0.11
105176,0.41
105195,0.09
105196,0.27
105197,0.13
105203,0.14
105223,0.14
105227,0.25
105228,0.11
105230,0.26
105231,0.22
105239,0.06
105242,0.16
105244,0.12
105245,0.15
105248,0.11
105249,0.12
105266,0.19
105271,0.19
105276,0.19
105282,0.08
105292,0.23
105297,0.09
105332,0.16
105333,0.16
105343,0.14
105344,0.21
105345,0.17
105357,0.16
105359,0.14
105366,0.09
105367,0.16
105370,0.1
105377,0.07
105390,0.23
105399,0.09
105403,0.16
105404,0.07
105414,0.07
105417,0.12
105425,0.26
105452,0.19
105454,0.17
105456,0.11
105470,0.15
105471,0.09
105483,0.21
105493,0.27
105508,0.25
105514,0.16
105515,0.1
105528,0.31
105529,0.17
105531,0.17
105532,0.11
105558,0.07
105574,0.1
105578,0.13
105584,0.26
105595,0.19
105617,0.23
105618,0.1
105621,0.13
105625,0.16
105629,0.1
105630,0.1
105634,0.11
105635,0.04
105641,0.15
105647,0.12
105648,0.17
105655,0.14
105657,0.09
105672,0.16
105678,0.25
105682,0.16
105691,0.19
105692,0.07
105706,0.16
105712,0.19
105720,0.13
105734,0.07
105735,0.09
105736,0.2
105737,0.08
105738,0.14
105740,0.16
105744,0.13
105747,0.17
105749,0.17
105754,0.1
105758,0.16
105760,0.19
105767,0.18
105784,0.22
105791,0.08
105802,0.28
105807,0.28
105809,0.13
105816,0.07
105817,0.19
105824,0.26
105832,0.15
105856,0.13
105865,0.15
105899,0.21
105906,0.1
105916,0.16
105923,0.17
105937,0.2
105965,0.04
105966,0.17
105968,0.13
105973,0.12
105976,0.14
105978,0.14
105979,0.09
105991,0.2
105998,0.16
105999,0.06
106000,0.37
106001,0.1
106010,0.16
106011,0.16
106013,0.24
106015,0.12
106026,0.18
106032,0.14
106035,0.24
106040,0.11
106041,0.2
106044,0.13
106053,0.23
106054,0.11
106065,0.29
106081,0.17
106083,0.12
106087,0.21
106090,0.23
106101,0.21
106102,0.16
106109,0.1
106116,0.2
106150,0.08
106155,0.22
106166,0.11
106176,0.11
106189,0.06
106199,0.17
106205,0.16
106206,0.12
106211,0.17
106214,0.15
106216,0.15
106217,0.1
106225,0.14
106249,0.16
106256,0.16
106258,0.16
106261,0.12
106262,0.17
106264,0.08
106271,0.08
106276,0.1
106277,0.21
106286,0.17
106293,0.06
106295,0.13
106296,0.17
106297,0.18
106298,0.11
106311,0.06
106314,0.19
106320,0.1
106334,0.09
106346,0.21
106347,0.1
106349,0.1
106354,0.15
106360,0.11
106373,0.12
106377,0.2
106386,0.12
106387,0.12
106391,0.11
106401,0.25
106411,0.13
106413,0.23
106426,0.14
106427,0.2
106428,0.17
106434,0.14
106438,0.14
106440,0.12
106441,0.03
106452,0.2
106453,0.07
106454,0.12
106457,0.22
106484,0.13
106488,0.26
106491,0.2
106514,0.17
106527,0.18
106528,0.15
106529,0.05
106534,0.31
106550,0.14
106577,0.17
106585,0.15
106590,0.12
106607,0.11
106610,0.22
106611,0.13
106612,0.16
106624,0.1
106631,0.08
106647,0.32
106660,0.11
106674,0.14
106687,0.16
106712,0.14
106713,0.13
106717,0.1
106720,0.2
106721,0.2
106724,0.15
106735,0.21
106739,0.16
106740,0.21
106754,0.16
106760,0.31
106761,0.14
106784,0.08
106787,0.11
106797,0.05
106798,0.13
106802,0.3
106803,0.14
106804,0.27
106805,0.13
106810,0.19
106812,0.21
106813,0.21
106817,0.14
106822,0.09
106823,0.1
106827,0.11
106841,0.21
106851,0.26
106852,0.14
106853,0.29
106854,0.35
106861,0.22
106873,0.17
106877,0.09
106878,0.09
106881,0.12
106900,0.11
106906,0.12
106907,0.16
106914,0.2
106916,0.11
106924,0.13
106931,0.16
106936,0.18
106937,0.13
106938,0.08
106939,0.24
106943,0.16
106944,0.27
106967,0.1
106980,0.15
106986,0.2
106987,0.16
106990,0.06
107013,0.18
107023,0.11
107033,0.17
107037,0.26
107048,0.11
107071,0.14
107081,0.07
107113,0.2
107130,0.19
107131,0.16
107145,0.11
107156,0.13
107219,0.1
107222,0.2
107223,0.38
107232,0.26
107245,0.16
107246,0.12
107247,0.11
107256,0.07
107259,0.11
107260,0.06
107279,0.2
107280,0.1
107281,0.18
107285,0.15
107329,0.13
107337,0.25
107349,0.09
107350,0.1
107351,0.1
107359,0.2
107391,0.15
107394,0.17
107395,0.12
107406,0.11
107416,0.13
107417,0.09
107418,0.15
107419,0.1
107444,0.09
107445,0.15
107446,0.12
107460,0.25
107470,0.13
107475,0.13
107520,0.09
107526,0.21
107527,0.07
107530,0.12
107532,0.18
107534,0.13
107535,0.21
107554,0.28
107556,0.08
107559,0.14
107561,0.06
107564,0.18
107566,0.1
107571,0.06
107590,0.15
107602,0.21
107625,0.14
107626,0.26
107635,0.1
107636,0.12
107645,0.17
107652,0.33
107655,0.09
107668,0.11
107670,0.17
107677,0.09
107680,0.22
107683,0.34
107684,0.11
107691,0.04
107692,0.13
107703,0.09
107709,0.09
107710,0.19
107721,0.26
107725,0.19
107727,0.17
107739,0.07
107740,0.1
107741,0.16
107747,0.14
107765,0.26
107768,0.06
107775,0.11
107782,0.24
107790,0.12
107801,0.08
107807,0.11
107811,0.13
107817,0.12
107826,0.1
107838,0.19
107839,0.21
107843,0.16
107847,0.17
107849,0.15
107850,0.13
107867,0.13
107871,0.17
107908,0.07
107913,0.19
107927,0.11
107931,0.11
107955,0.06
107962,0.09
107977,0.17
107978,0.17
107993,0.09
108010,0.14
108016,0.15
108018,0.29
108027,0.21
108045,0.36
108069,0.23
108082,0.08
108089,0.15
108092,0.16
108106,0.13
108112,0.14
108120,0.24
108122,0.26
108135,0.23
108170,0.12
108171,0.14
108177,0.11
108180,0.13
108183,0.1
108184,0.12
108185,0.21
108192,0.1
108195,0.22
108196,0.2
108218,0.08
108219,0.18
108243,0.18
108249,0.07
108251,0.12
108274,0.1
108280,0.31
108289,0.14
108292,0.15
108295,0.11
108327,0.18
108332,0.11
108346,0.09
108349,0.15
108353,0.16
108362,0.09
108363,0.04
108377,0.31
108378,0.14
108381,0.06
108383,0.23
108390,0.15
108407,0.09
108408,0.18
108411,0.11
108412,0.1
108419,0.11
108436,0.27
108437,0.17
108438,0.16
108441,0.16
108448,0.13
108449,0.1
108466,0.1
108467,0.16
108473,0.19
108474,0.08
108476,0.11
108479,0.11
108486,0.1
108493,0.12
108501,0.05
108506,0.18
108510,0.21
108511,0.11
108514,0.09
108517,0.11
108519,0.14
108522,0.07
108548,0.3
108554,0.21
108555,0.17
108559,0.1
108562,0.13
108571,0.1
108572,0.12
108579,0.05
108583,0.12
108584,0.09
108592,0.15
108602,0.11
108609,0.1
108613,0.16
108616,0.18
108618,0.09
108620,0.1
108643,0.08
108649,0.1
108654,0.19
108655,0.08
108656,0.09
108667,0.14
108668,0.23
108682,0.24
108690,0.16
108691,0.17
108692,0.18
108695,0.17
108699,0.13
108710,0.19
108718,0.23
108739,0.27
108740,0.06
108741,0.14
108742,0.2
108763,0.09
108767,0.24
108769,0.33
108779,0.27
108788,0.04
108801,0.13
108802,0.13
108810,0.14
108811,0.05
108813,0.11
108814,0.22
108825,0.08
108826,0.14
108830,0.12
108834,0.07
108852,0.1
108887,0.15
108901,0.19
108908,0.11
108910,0.12
108920,0.12
108922,0.11
108929,0.12
108930,0.21
108937,0.33
108938,0.09
108943,0.2
108948,0.07
108953,0.15
108956,0.18
108965,0.14
108985,0.28
108986,0.2
108987,0.13
108990,0.1
108991,0.14
108993,0.18
109000,0.15
109001,0.12
109012,0.29
109014,0.19
109015,0.13
109021,0.07
109037,0.1
109042,0.18
109044,0.14
109046,0.4
109064,0.07
109084,0.15
109086,0.06
109092,0.07
109093,0.16
109100,0.2
109101,0.06
109110,0.1
109114,0.16
109126,0.3
109152,0.17
109162,0.13
109167,0.13
109168,0.22
109169,0.12
109179,0.24
109184,0.1
109191,0.19
109192,0.12
109193,0.08
109196,0.15
109206,0.2
109210,0.2
109244,0.16
109249,0.15
109273,0.16
109276,0.25
109281,0.07
109287,0.13
109297,0.2
109298,0.1
109306,0.2
109309,0.2
109321,0.21
109328,0.24
109336,0.14
109342,0.1
109346,0.08
109347,0.12
109348,0.27
109362,0.14
109363,0.11
109367,0.14
109370,0.07
109393,0.16
109405,0.13
109413,0.11
109414,0.23
109421,0.09
109427,0.17
109428,0.05
109429,0.23
109437,0.12
109443,0.07
109461,0.13
109468,0.29
109469,0.1
109471,0.2
109479,0.16
109484,0.12
109501,0.15
109505,0.21
109535,0.15
109539,0.08
109544,0.19
109545,0.06
109551,0.18
109553,0.12
109555,0.13
109561,0.19
109580,0.08
109583,0.3
109593,0.21
109604,0.16
109620,0.12
109635,0.06
109637,0.21
109638,0.15
109642,0.13
109649,0.11
109652,0.13
109656,0.23
109663,0.15
109696,0.26
109700,0.27
109709,0.25
109735,0.06
109740,0.12
109741,0.11
109749,0.11
109764,0.04
109771,0.13
109772,0.09
109773,0.29
109798,0.16
109802,0.21
109804,0.09
109813,0.08
109818,0.15
109848,0.16
109850,0.12
109851,0.15
109855,0.08
109871,0.27
109877,0.16
109883,0.1
109886,0.06
109905,0.25
109936,0.31
109950,0.19
109958,0.21
109959,0.19
109969,0.1
109971,0.11
109984,0.05
109985,0.24
109988,0.06
109992,0.14
110005,0.2
110009,0.08
110011,0.31
110014,0.24
110026,0.12
110042,0.19
110058,0.08
110069,0.19
110080,0.09
110087,0.17
110091,0.14
110094,0.06
110098,0.22
110105,0.21
110117,0.1
110136,0.12
110138,0.27
110149,0.18
110164,0.13
110202,0.16
110212,0.09
110226,0.1
110236,0.1
110249,0.07
110257,0.1
110258,0.14
110277,0.06
110282,0.18
110284,0.11
110286,0.11
110289,0.08
110304,0.07
110319,0.11
110324,0.15
110326,0.18
110335,0.14
110337,0.11
110338,0.16
110343,0.12
110345,0.1
110347,0.15
110355,0.12
110359,0.12
110360,0.13
110364,0.14
110371,0.26
110372,0.09
110376,0.17
110379,0.19
110380,0.14
110393,0.21
110401,0.28
110406,0.08
110411,0.07
110416,0.16
110420,0.07
110443,0.11
110465,0.03
110468,0.09
110469,0.15
110471,0.25
110487,0.27
110491,0.22
110504,0.2
110547,0.07
110550,0.09
110559,0.16
110578,0.23
110582,0.15
110590,0.16
110598,0.22
110601,0.29
110602,0.14
110604,0.12
110625,0.31
110626,0.2
110636,0.15
110637,0.16
110638,0.18
110646,0.2
110648,0.12
110652,0.11
110681,0.15
110682,0.16
110687,0.2
110691,0.08
110694,0.11
110695,0.04
110696,0.1
110708,0.07
110710,0.12
110717,0.11
110730,0.15
110740,0.16
110742,0.12
110747,0.1
110761,0.08
110766,0.02
110769,0.08
110774,0.14
110803,0.1
110805,0.09
110809,0.27
110827,0.21
110832,0.17
110839,0.12
110859,0.12
110861,0.11
110863,0.32
110865,0.16
110881,0.2
110889,0.11
110891,0.12
110894,0.14
110895,0.14
110907,0.26
110914,0.14
110933,0.11
110934,0.11
110937,0.11
110953,0.09
110954,0.07
110958,0.28
110970,0.1
110974,0.13
110977,0.13
110989,0.13
110993,0.25
110994,0.23
111018,0.11
111019,0.08
111030,0.18
111032,0.15
111041,0.15
111045,0.09
111048,0.14
111052,0.09
111070,0.31
111084,0.17
111091,0.13
111104,0.09
111108,0.12
111112,0.09
111127,0.09
111142,0.12
111146,0.18
111165,0.12
111168,0.08
111169,0.17
111172,0.06
111173,0.05
111174,0.18
111175,0.21
111176,0.1
111177,0.14
111180,0.1
111182,0.07
111192,0.13
111194,0.14
111196,0.23
111197,0.17
111198,0.1
111205,0.14
111207,0.16
111222,0.15
111228,0.08
111233,0.13
111256,0.07
111258,0.08
111262,0.05
111263,0.18
111267,0.09
111269,0.2
111276,0.1
111277,0.26
111279,0.15
111290,0.09
111294,0.13
111295,0.17
111315,0.3
111318,0.18
111327,0.06
111328,0.19
111332,0.12
111338,0.07
111343,0.11
111344,0.08
111345,0.32
111347,0.14
111356,0.05
111359,0.11
111367,0.06
111368,0.07
111391,0.26
111408,0.12
111412,0.08
111419,0.14
111422,0.06
111423,0.36
111439,0.07
111452,0.3
111456,0.15
111467,0.14
111478,0.25
111482,0.18
111488,0.1
111503,0.2
111510,0.11
111512,0.14
111518,0.17
111532,0.22
111537,0.06
111541,0.14
111544,0.18
111550,0.21
111554,0.27
111560,0.26
111566,0.18
111567,0.2
111592,0.12
111618,0.21
111620,0.15
111627,0.12
111641,0.18
111646,0.25
111652,0.06
111657,0.08
111664,0.13
111665,0.1
111669,0.09
111673,0.09
111687,0.06
111688,0.12
111689,0.15
111694,0.14
111695,0.12
111698,0.12
111703,0.09
111709,0.07
111712,0.08
111715,0.15
111724,0.14
111730,0.12
111747,0.11
111760,0.17
111761,0.07
111763,0.09
111776,0.13
111777,0.03
111781,0.07
111793,0.11
111804,0.31
111810,0.2
111816,0.06
111818,0.14
111830,0.1
111832,0.06
111841,0.05
111842,0.19
111843,0.15
111846,0.25
111848,0.17
111856,0.09
111857,0.11
111877,0.17
111882,0.11
111883,0.23
111891,0.12
111893,0.12
111901,0.09
111912,0.19
111913,0.1
111955,0.1
111958,0.06
111960,0.17
111967,0.11
112000,0.18
112003,0.15
112015,0.2
112019,0.37
112020,0.15
112028,0.16
112029,0.18
112031,0.09
112039,0.12
112042,0.07
112049,0.07
112052,0.22
112054,0.11
112055,0.13
112063,0.18
112070,0.22
112071,0.14
112080,0.2
112083,0.19
112085,0.16
112089,0.17
112098,0.31
112100,0.15
112105,0.2
112124,0.09
112126,0.11
112127,0.17
112128,0.11
112148,0.13
112149,0.11
112165,0.15
112170,0.13
112171,0.08
112176,0.15
112186,0.09
112199,0.17
112203,0.16
112214,0.11
112215,0.15
112216,0.22
112224,0.08
112225,0.13
112231,0.33
112234,0.24
112235,0.08
112236,0.28
112254,0.2
112265,0.24
112271,0.11
112284,0.14
112287,0.22
112295,0.21
112303,0.3
112307,0.18
112310,0.12
112312,0.21
112313,0.04
112326,0.2
112333,0.13
112334,0.16
112339,0.19
112347,0.12
112350,0.12
112356,0.2
112357,0.11
112359,0.17
112360,0.11
112371,0.14
112385,0.07
112392,0.07
112401,0.27
112405,0.15
112414,0.23
112429,0.09
112448,0.13
112467,0.14
112468,0.15
112469,0.21
112491,0.15
112500,0.17
112510,0.26
112535,0.12
112537,0.12
112551,0.13
112552,0.08
112556,0.19
112577,0.2
112590,0.29
112593,0.06
112596,0.2
112601,0.07
112604,0.2
112622,0.08
112655,0.09
112663,0.09
112667,0.1
112670,0.11
112676,0.18
112677,0.11
112679,0.12
112683,0.13
112688,0.13
112692,0.15
112696,0.21
112702,0.14
112709,0.07
112720,0.09
112735,0.11
112738,0.21
112742,0.09
112748,0.13
112749,0.08
112766,0.17
112767,0.1
112769,0.13
112771,0.14
112775,0.12
112794,0.17
112795,0.11
112796,0.14
112815,0.09
112817,0.17
112821,0.2
112822,0.14
112829,0.21
112831,0.27
112835,0.15
112838,0.12
112842,0.11
112844,0.27
112845,0.11
112846,0.06
112847,0.09
112867,0.12
112868,0.14
112874,0.14
112879,0.07
112882,0.18
112886,0.11
112895,0.13
112896,0.15
112902,0.13
112904,0.17
112917,0.3
112932,0.27
112944,0.1
112946,0.12
112947,0.11
112948,0.18
112966,0.14
112967,0.12
112971,0.15
112973,0.22
112974,0.06
112978,0.22
112988,0.17
112992,0.36
113003,0.22
113004,0.12
113007,0.21
113020,0.14
113025,0.2
113032,0.06
113042,0.23
113047,0.1
113066,0.12
113067,0.23
113071,0.09
113087,0.25
113108,0.08
113109,0.1
113123,0.09
113128,0.36
113134,0.09
113151,0.2
113175,0.35
113181,0.06
113188,0.29
113191,0.11
113193,0.28
113201,0.3
113209,0.05
113222,0.2
113248,0.05
113272,0.15
113276,0.04
113287,0.07
113302,0.2
113308,0.13
113316,0.23
113318,0.07
113320,0.12
113322,0.18
113325,0.28
113326,0.22
113332,0.16
113346,0.31
113352,0.07
113361,0.08
113362,0.11
113365,0.14
113366,0.1
113368,0.17
113382,0.06
113385,0.12
113390,0.27
113391,0.12
113393,0.18
113396,0.15
113397,0.21
113402,0.2
113403,0.12
113405,0.13
113406,0.15
113410,0.32
113413,0.1
113418,0.12
113419,0.19
113435,0.22
113438,0.28
113447,0.05
113458,0.18
113466,0.19
113475,0.13
113482,0.11
113490,0.13
113505,0.07
113508,0.07
113520,0.09
113532,0.12
113535,0.09
113549,0.07
113557,0.16
113558,0.1
113561,0.15
113566,0.06
113569,0.16
113574,0.12
113576,0.26
113577,0.14
113585,0.1
113587,0.28
113599,0.28
113601,0.15
113602,0.14
113605,0.14
113609,0.21
113611,0.16
113616,0.06
113627,0.5
113631,0.23
113643,0.17
113652,0.14
113657,0.13
113659,0.11
113672,0.21
113680,0.07
113692,0.25
113694,0.18
113695,0.24
113701,0.12
113733,0.06
113738,0.19
113740,0.15
113742,0.1
113777,0.12
113783,0.16
113788,0.13
113789,0.12
113791,0.24
113795,0.18
113799,0.1
113805,0.1
113820,0.14
113822,0.06
113824,0.13
113829,0.14
113832,0.12
113833,0.17
113841,0.06
113849,0.15
113862,0.19
113863,0.21
113864,0.15
113870,0.06
113875,0.11
113882,0.12
113887,0.16
113894,0.16
113909,0.04
113930,0.21
113936,0.15
113939,0.17
113942,0.08
113943,0.2
113945,0.25
113947,0.13
113950,0.03
113951,0.15
113957,0.13
113966,0.17
113967,0.19
113977,0.2
113984,0.23
113986,0.14
113992,0.12
113998,0.08
113999,0.32
114003,0.1
114010,0.13
114011,0.29
114032,0.09
114047,0.14
114055,0.06
114056,0.22
114064,0.18
114065,0.1
114067,0.2
114068,0.15
114075,0.13
114076,0.11
114077,0.03
114094,0.07
114095,0.11
114109,0.17
114114,0.2
114116,0.1
114127,0.05
114158,0.22
114168,0.27
114169,0.15
114171,0.18
114180,0.43
114193,0.08
114198,0.13
114201,0.14
114202,0.39
114207,0.1
114210,0.17
114221,0.14
114222,0.12
114227,0.06
114250,0.05
114253,0.19
114265,0.16
114267,0.19
114273,0.23
114280,0.23
114281,0.12
114283,0.36
114291,0.4
114310,0.26
114316,0.15
114326,0.06
114327,0.1
114339,0.13
114352,0.08
114359,0.21
114360,0.21
114382,0.25
114396,0.12
114397,0.14
114415,0.16
114425,0.1
114434,0.15
114456,0.16
114463,0.13
114469,0.06
114476,0.08
114480,0.11
114482,0.23
114492,0.13
114493,0.16
114501,0.18
114506,0.19
114510,0.1
114515,0.25
114524,0.22
114545,0.15
114546,0.12
114560,0.14
114562,0.16
114563,0.21
114566,0.16
114599,0.1
114601,0.12
114607,0.22
114612,0.13
114622,0.17
114625,0.27
114634,0.12
114635,0.11
114641,0.08
114644,0.16
114645,0.19
114651,0.07
114653,0.15
114654,0.14
114667,0.1
114668,0.23
114670,0.09
114686,0.2
114688,0.3
114690,0.21
114691,0.08
114700,0.15
114706,0.02
114740,0.15
114741,0.14
114755,0.07
114757,0.09
114767,0.14
114772,0.34
114780,0.16
114782,0.09
114791,0.09
114815,0.22
114823,0.17
114835,0.13
114838,0.05
114840,0.2
114842,0.25
114844,0.22
114850,0.29
114853,0.07
114856,0.19
114857,0.09
114858,0.17
114864,0.12
114871,0.08
114875,0.16
114879,0.13
114893,0.11
114912,0.14
114922,0.23
114930,0.05
114945,0.12
114951,0.05
114958,0.14
114962,0.14
114976,0.14
114978,0.21
114987,0.18
115002,0.14
115005,0.05
115023,0.14
115030,0.14
115033,0.25
115034,0.15
115038,0.09
115046,0.13
115049,0.22
115055,0.14
115059,0.16
115076,0.13
115078,0.1
115081,0.2
115085,0.07
115096,0.09
115101,0.08
115114,0.17
115119,0.15
115121,0.12
115122,0.18
115144,0.12
115147,0.17
115151,0.07
115172,0.15
115175,0.08
115183,0.1
115185,0.22
115197,0.16
115200,0.09
115207,0.15
115217,0.09
115230,0.14
115237,0.1
115246,0.09
115251,0.03
115269,0.13
115290,0.08
115299,0.09
115309,0.23
115310,0.16
115311,0.12
115312,0.12
115323,0.16
115324,0.1
115341,0.19
115342,0.13
115343,0.19
115350,0.18
115354,0.07
115360,0.12
115368,0.21
115373,0.13
115396,0.26
115400,0.2
115401,0.17
115404,0.07
115405,0.13
115406,0.11
115407,0.13
115412,0.08
115413,0.17
115415,0.15
115423,0.07
115427,0.21
115428,0.07
115439,0.17
115440,0.18
115447,0.19
115450,0.17
115457,0.07
115459,0.1
115463,0.1
115473,0.28
115477,0.12
115479,0.06
115480,0.12
115481,0.1
115485,0.22
115489,0.16
115495,0.05
115500,0.1
115521,0.17
115572,0.07
115580,0.07
115582,0.15
115586,0.2
115587,0.21
115588,0.09
115591,0.25
115592,0.15
115618,0.11
115619,0.29
115621,0.27
115632,0.26
115646,0.17
115658,0.15
115671,0.03
115680,0.15
115686,0.12
115688,0.14
115705,0.16
115707,0.04
115708,0.24
115726,0.17
115759,0.16
115773,0.09
115777,0.14
115778,0.18
115781,0.16
115801,0.23
115804,0.14
115810,0.08
115812,0.13
115820,0.31
115827,0.06
115831,0.1
115841,0.16
115846,0.14
115852,0.21
115857,0.1
115858,0.11
115860,0.14
115865,0.07
115867,0.13
115869,0.18
115877,0.14
115904,0.18
115913,0.11
115916,0.12
115928,0.12
115932,0.1
115933,0.07
115937,0.29
115938,0.07
115957,0.15
115958,0.1
115969,0.06
115980,0.19
115984,0.09
116006,0.11
116007,0.26
116008,0.09
116009,0.18
116011,0.06
116012,0.29
116015,0.26
116025,0.13
116047,0.08
116052,0.15
116068,0.04
116077,0.1
116084,0.18
116089,0.13
116093,0.15
116097,0.13
116102,0.15
116118,0.15
116119,0.07
116125,0.22
116128,0.18
116135,0.11
116140,0.24
116141,0.19
116142,0.1
116153,0.14
116156,0.12
116157,0.19
116167,0.08
116168,0.24
116175,0.08
116187,0.11
116189,0.21
116191,0.1
116201,0.15
116210,0.14
116213,0.09
116215,0.25
116223,0.12
116226,0.09
116228,0.06
116241,0.12
116247,0.11
116266,0.13
116276,0.29
116287,0.14
116289,0.11
116292,0.17
116306,0.08
116309,0.16
116312,0.06
116313,0.19
116335,0.08
116342,0.12
116348,0.08
116367,0.14
116380,0.27
116383,0.15
116389,0.15
116395,0.26
116397,0.07
116398,0.26
116402,0.1
116404,0.13
116406,0.08
116424,0.18
116428,0.1
116436,0.14
116440,0.15
116448,0.07
116458,0.06
116466,0.09
116469,0.1
116473,0.09
116474,0.11
116479,0.1
116480,0.1
116491,0.12
116493,0.15
116505,0.21
116511,0.13
116525,0.19
116535,0.16
116544,0.09
116546,0.05
116562,0.15
116565,0.17
116578,0.16
116579,0.09
116580,0.3
116582,0.09
116584,0.08
116586,0.12
116596,0.16
116597,0.2
116598,0.13
116604,0.29
116608,0.13
116609,0.15
116613,0.12
116614,0.21
116615,0.13
116633,0.19
116637,0.17
116643,0.15
116647,0.26
116656,0.19
116659,0.22
116662,0.08
116676,0.08
116680,0.09
116681,0.17
116683,0.15
116684,0.13
116712,0.11
116720,0.19
116726,0.19
116729,0.16
116737,0.1
116745,0.19
116747,0.19
116766,0.07
116781,0.13
116783,0.11
116787,0.12
116788,0.33
116789,0.14
116801,0.15
116803,0.14
116804,0.13
116806,0.12
116815,0.24
116817,0.13
116825,0.23
116828,0.08
116829,0.12
116853,0.07
116854,0.17
116859,0.14
116860,0.21
116865,0.09
116872,0.23
116880,0.21
116882,0.12
116893,0.16
116896,0.12
116906,0.15
116908,0.2
116925,0.06
116926,0.16
116948,0.16
116949,0.14
116955,0.14
116964,0.09
116974,0.07
116976,0.24
116990,0.11
116993,0.08
116994,0.16
116997,0.28
117003,0.08
117007,0.09
117011,0.11
117012,0.14
117019,0.17
117021,0.07
117030,0.13
117036,0.11
117043,0.14
117054,0.13
117070,0.09
117077,0.31
117087,0.09
117093,0.09
117105,0.13
117112,0.18
117129,0.26
117135,0.23
117138,0.28
117142,0.14
117148,0.26
117157,0.14
117170,0.08
117171,0.13
117172,0.17
117178,0.18
117186,0.11
117187,0.15
117193,0.17
117194,0.18
117199,0.1
117207,0.06
117211,0.11
117216,0.15
117217,0.17
117218,0.16
117219,0.14
117224,0.14
117225,0.14
117239,0.19
117242,0.1
117249,0.37
117255,0.14
117257,0.15
117272,0.2
117284,0.23
117287,0.15
117293,0.04
117298,0.32
117299,0.03
117307,0.08
117321,0.09
117323,0.18
117326,0.12
117327,0.19
117341,0.09
117350,0.1
117362,0.21
117375,0.1
117391,0.16
117392,0.08
117396,0.22
117399,0.16
117400,0.15
117402,0.11
117406,0.18
117417,0.25
117418,0.13
117425,0.13
117428,0.11
117443,0.16
117448,0.12
117449,0.11
117450,0.17
117463,0.12
117467,0.07
117478,0.1
117480,0.23
117483,0.2
117484,0.22
117495,0.23
117498,0.07
117501,0.09
117503,0.22
117520,0.22
117524,0.16
117525,0.24
117526,0.11
117527,0.25
117531,0.2
117545,0.09
117547,0.25
117557,0.17
117563,0.18
117564,0.14
117598,0.21
117599,0.13
117610,0.12
117614,0.12
117616,0.17
117623,0.14
117625,0.22
117633,0.15
117634,0.23
117639,0.29
117652,0.13
117653,0.24
117660,0.31
117661,0.05
117662,0.06
117676,0.12
117677,0.3
117681,0.11
117684,0.2
117707,0.13
117736,0.33
117737,0.16
117741,0.17
117746,0.25
117753,0.29
117755,0.19
117775,0.1
117784,0.16
117786,0.09
117791,0.12
117801,0.24
117805,0.11
117816,0.12
117824,0.18
117835,0.17
117837,0.18
117847,0.17
117853,0.11
117854,0.14
117886,0.16
117900,0.14
117920,0.34
117924,0.08
117925,0.21
117934,0.12
117957,0.12
117959,0.17
117967,0.19
117969,0.17
117981,0.08
117982,0.11
117996,0.28
118000,0.35
118018,0.18
118025,0.13
118026,0.22
118044,0.15
118045,0.24
118048,0.13
118055,0.2
118058,0.18
118060,0.27
118066,0.04
118071,0.18
118072,0.19
118082,0.12
118089,0.11
118106,0.07
118115,0.11
118127,0.33
118144,0.18
118150,0.08
118151,0.05
118157,0.29
118162,0.12
118163,0.15
118166,0.07
118181,0.17
118191,0.12
118202,0.25
118205,0.07
118214,0.1
118251,0.22
118264,0.3
118271,0.43
118272,0.08
118276,0.16
118287,0.32
118291,0.11
118292,0.19
118294,0.16
118305,0.12
118312,0.06
118319,0.1
118321,0.09
118326,0.29
118342,0.15
118343,0.12
118353,0.15
118354,0.1
118358,0.09
118359,0.14
118365,0.17
118367,0.11
118368,0.07
118371,0.08
118378,0.19
118379,0.24
118383,0.13
118386,0.16
118387,0.13
118400,0.14
118403,0.18
118428,0.27
118440,0.14
118459,0.09
118490,0.09
118491,0.25
118492,0.16
118498,0.19
118499,0.07
118509,0.15
118518,0.09
118531,0.23
118532,0.03
118546,0.13
118548,0.09
118558,0.19
118560,0.23
118561,0.12
118562,0.26
118564,0.13
118569,0.19
118578,0.12
118585,0.15
118591,0.12
118592,0.11
118594,0.19
118611,0.09
118614,0.19
118622,0.13
118641,0.18
118642,0.06
118650,0.06
118666,0.1
118696,0.1
118697,0.12
118710,0.17
118717,0.12
118720,0.08
118735,0.05
118747,0.11
118750,0.11
118789,0.11
118791,0.18
118803,0.12
118804,0.25
118806,0.21
118809,0.07
118823,0.1
118842,0.14
118871,0.44
118874,0.15
118876,0.09
118886,0.15
118888,0.22
118889,0.14
118894,0.24
118898,0.12
118905,0.19
118911,0.08
118915,0.18
118916,0.17
118925,0.1
118926,0.08
118929,0.09
118935,0.09
118947,0.13
118951,0.15
118953,0.11
118960,0.15
118973,0.15
119001,0.06
119003,0.27
119009,0.13
119011,0.13
119012,0.15
119014,0.19
119025,0.08
119047,0.15
119049,0.16
119057,0.14
119062,0.18
119064,0.09
119069,0.17
119079,0.08
119088,0.09
119091,0.33
119095,0.11
119104,0.18
119108,0.22
119109,0.21
119115,0.13
119125,0.11
119146,0.15
119148,0.12
119160,0.17
119164,0.31
119169,0.18
119179,0.22
119187,0.2
119191,0.08
119205,0.08
119207,0.11
119208,0.09
119217,0.07
119230,0.07
119232,0.13
119236,0.23
119238,0.14
119240,0.17
119250,0.05
119251,0.08
119252,0.22
119266,0.08
119267,0.12
119270,0.2
119272,0.24
119276,0.11
119281,0.1
119295,0.09
119313,0.2
119318,0.12
119321,0.18
119340,0.12
119341,0.12
119344,0.18
119348,0.15
119353,0.18
119361,0.15
119362,0.4
119376,0.23
119383,0.16
119391,0.21
119394,0.14
119395,0.11
119415,0.12
119430,0.1
119441,0.04
119454,0.16
119468,0.12
119474,0.28
119492,0.11
119496,0.17
119500,0.17
119501,0.35
119510,0.2
119518,0.09
119524,0.29
119533,0.14
119540,0.2
119553,0.1
119573,0.08
119593,0.12
119594,0.09
119595,0.22
119596,0.16
119607,0.31
119609,0.1
119616,0.13
119618,0.19
119619,0.36
119628,0.1
119630,0.16
119632,0.12
119648,0.42
119671,0.19
119675,0.13
119683,0.16
119689,0.13
119697,0.13
119698,0.34
119702,0.2
119709,0.16
119715,0.09
119718,0.05
119719,0.29
119731,0.2
119736,0.1
119745,0.08
119749,0.08
119751,0.19
119757,0.22
119761,0.22
119762,0.21
119771,0.11
119778,0.14
119784,0.09
119788,0.13
119802,0.06
119803,0.18
119806,0.17
119810,0.1
119811,0.19
119813,0.23
119820,0.25
119821,0.25
119842,0.09
119843,0.08
119844,0.09
119861,0.09
119866,0.07
119868,0.17
119875,0.11
119896,0.29
119898,0.14
119921,0.14
119922,0.12
119929,0.28
119934,0.07
119938,0.18
119947,0.11
119948,0.22
119967,0.16
119977,0.09
119980,0.15
119984,0.23
119989,0.16
119990,0.08
119994,0.13
119999,0.26
120004,0.06
120020,0.11
120030,0.17
120036,0.18
120050,0.24
120051,0.42
120053,0.15
120075,0.16
120076,0.06
120088,0.06
120099,0.1
120101,0.1
120102,0.07
120108,0.1
120145,0.23
120146,0.09
120154,0.13
120156,0.14
120165,0.21
120166,0.13
120176,0.09
120179,0.2
120182,0.05
120198,0.13
120205,0.21
120208,0.09
120214,0.1
120220,0.22
120227,0.16
120233,0.08
120240,0.11
120243,0.2
120266,0.18
120268,0.23
120280,0.19
120281,0.13
120284,0.1
120298,0.12
120304,0.12
120306,0.12
120320,0.16
120325,0.13
120326,0.11
120335,0.25
120341,0.08
120343,0.14
120388,0.13
120390,0.15
120404,0.09
120405,0.09
120408,0.22
120415,0.17
120421,0.35
120422,0.11
120433,0.16
120437,0.33
120440,0.18
120441,0.13
120449,0.16
120457,0.22
120459,0.05
120460,0.08
120463,0.15
120464,0.16
120470,0.18
120488,0.2
120535,0.14
120538,0.11
120539,0.3
120541,0.21
120562,0.13
120570,0.13
120580,0.1
120581,0.16
120591,0.26
120593,0.29
120598,0.18
120603,0.11
120607,0.19
120642,0.05
120647,0.19
120649,0.06
120664,0.08
120665,0.13
120671,0.24
120678,0.13
120679,0.09
120680,0.25
120681,0.2
120691,0.17
120696,0.07
120697,0.34
120713,0.11
120721,0.28
120725,0.21
120734,0.29
120740,0.23
120748,0.21
120755,0.11
120759,0.19
120761,0.11
120764,0.22
120770,0.1
120777,0.17
120796,0.08
120803,0.1
120809,0.05
120811,0.16
120826,0.15
120829,0.16
120832,0.07
120840,0.3
120857,0.12
120885,0.09
120891,0.05
120894,0.09
120905,0.19
120913,0.26
120914,0.05
120918,0.07
120921,0.16
120923,0.15
120927,0.29
120928,0.14
120934,0.32
120936,0.13
120942,0.07
120946,0.08
120947,0.16
120953,0.15
120955,0.1
120956,0.25
120977,0.1
120980,0.15
120981,0.12
120982,0.05
120991,0.18
121011,0.1
121013,0.14
121018,0.14
121020,0.11
121037,0.07
121038,0.07
121039,0.09
121045,0.18
121046,0.1
121059,0.28
121066,0.26
121078,0.26
121080,0.29
121081,0.2
121086,0.18
121099,0.17
121100,0.1
121107,0.18
121108,0.14
121111,0.19
121130,0.08
121131,0.19
121135,0.26
121152,0.15
121156,0.11
121160,0.09
121162,0.23
121175,0.15
121181,0.15
121186,0.19
121197,0.09
121201,0.18
121208,0.12
121215,0.15
121220,0.3
121225,0.24
121227,0.09
121228,0.25
121243,0.22
121258,0.15
121259,0.17
121265,0.09
121279,0.17
121280,0.16
121281,0.14
121283,0.11
121288,0.16
121296,0.05
121300,0.18
121308,0.18
121321,0.21
121323,0.06
121332,0.11
121334,0.1
121348,0.14
121350,0.12
121351,0.16
121363,0.08
121379,0.11
121380,0.17
121383,0.14
121387,0.2
121414,0.14
121416,0.09
121422,0.23
121423,0.08
121427,0.09
121431,0.08
121438,0.16
121460,0.07
121479,0.09
121482,0.1
121483,0.22
121488,0.18
121489,0.19
121492,0.11
121502,0.09
121503,0.12
121513,0.07
121544,0.11
121545,0.17
121546,0.1
121552,0.36
121553,0.11
121556,0.16
121557,0.13
121583,0.19
121588,0.1
121596,0.22
121597,0.12
121612,0.07
121618,0.09
121619,0.08
121621,0.16
121622,0.14
121626,0.17
121628,0.13
121630,0.34
121631,0.13
121632,0.17
121641,0.13
121695,0.15
121733,0.19
121754,0.15
121762,0.13
121765,0.09
121766,0.13
121771,0.13
121772,0.33
121778,0.22
121791,0.16
121792,0.14
121822,0.17
121825,0.23
121832,0.13
121841,0.12
121846,0.08
121850,0.14
121851,0.15
121853,0.26
121857,0.11
121862,0.16
121863,0.1
121875,0.1
121881,0.11
121896,0.35
121901,0.09
121908,0.26
121909,0.18
121916,0.16
121919,0.09
121921,0.22
121933,0.1
121947,0.13
121948,0.28
121963,0.1
121968,0.09
121970,0.14
121978,0.15
121991,0.19
121996,0.09
121997,0.37
122000,0.16
122015,0.2
122017,0.17
122027,0.14
122044,0.05
122047,0.11
122055,0.25
122065,0.11
122069,0.14
122074,0.07
122086,0.17
122089,0.09
122099,0.09
122102,0.13
122118,0.16
122124,0.1
122125,0.11
122129,0.09
122133,0.15
122135,0.19
122136,0.13
122142,0.13
122154,0.16
122158,0.15
122160,0.08
122165,0.16
122166,0.13
122170,0.16
122175,0.12
122192,0.16
122207,0.1
122210,0.13
122215,0.13
122222,0.1
122234,0.31
122235,0.1
122236,0.12
122248,0.2
122256,0.12
122257,0.08
122258,0.08
122259,0.12
122260,0.16
122264,0.09
122266,0.28
122268,0.1
122271,0.11
122283,0.09
122286,0.04
122288,0.11
122301,0.11
122313,0.13
122322,0.11
122323,0.15
122324,0.1
122336,0.09
122338,0.13
122349,0.04
122351,0.17
122354,0.24
122358,0.17
122376,0.26
122378,0.17
122387,0.09
122392,0.14
122405,0.3
122409,0.22
122411,0.16
122415,0.13
122416,0.12
122425,0.27
122452,0.14
122453,0.19
122456,0.12
122458,0.16
122465,0.18
122468,0.11
122477,0.14
122483,0.11
122517,0.16
122521,0.28
122537,0.05
122538,0.05
122552,0.21
122557,0.21
122561,0.05
122568,0.11
122573,0.19
122583,0.2
122590,0.34
122609,0.12
122617,0.08
122621,0.1
122635,0.16
122638,0.08
122639,0.16
122644,0.13
122675,0.08
122699,0.23
122703,0.11
122706,0.15
122712,0.15
122730,0.07
122731,0.08
122736,0.12
122741,0.08
122745,0.15
122751,0.18
122768,0.14
122785,0.21
122797,0.08
122812,0.11
122816,0.04
122817,0.05
122826,0.17
122838,0.21
122845,0.13
122848,0.15
122850,0.06
122856,0.15
122862,0.16
122869,0.17
122871,0.13
122874,0.32
122875,0.2
122885,0.16
122901,0.1
122902,0.14
122903,0.11
122904,0.17
122910,0.09
122921,0.09
122925,0.11
122964,0.1
122975,0.14
122977,0.12
122984,0.33
122999,0.1
123004,0.21
123009,0.12
123012,0.13
123018,0.1
123025,0.13
123037,0.17
123038,0.12
123039,0.07
123045,0.12
123046,0.08
123051,0.12
123052,0.09
123056,0.04
123061,0.16
123072,0.16
123074,0.09
123086,0.22
123087,0.13
123091,0.18
123094,0.08
123105,0.18
123110,0.05
123113,0.11
123114,0.1
123124,0.09
123131,0.09
123136,0.42
123146,0.07
123147,0.09
123155,0.2
123163,0.05
123182,0.11
123196,0.12
123200,0.06
123204,0.11
123207,0.09
123210,0.1
123215,0.22
123227,0.13
123234,0.1
123239,0.1
123249,0.2
123252,0.08
123255,0.11
123257,0.14
123260,0.11
123263,0.24
123274,0.09
123275,0.11
123276,0.08
123292,0.15
123308,0.08
123316,0.11
123328,0.08
123330,0.2
123331,0.23
123334,0.28
123343,0.07
123344,0.2
123345,0.16
123352,0.16
123356,0.14
123365,0.23
123368,0.09
123376,0.12
123381,0.09
123384,0.17
123389,0.11
123401,0.17
123419,0.12
123433,0.13
123438,0.22
123441,0.12
123456,0.16
123457,0.28
123476,0.12
123477,0.16
123489,0.19
123490,0.1
123496,0.18
123502,0.21
123503,0.29
123513,0.16
123515,0.16
123530,0.08
123532,0.11
123537,0.18
123539,0.14
123540,0.19
123546,0.12
123547,0.26
123554,0.14
123572,0.11
123574,0.2
123575,0.15
123576,0.15
123584,0.11
123586,0.12
123591,0.11
123606,0.09
123607,0.2
123615,0.18
123616,0.24
123619,0.13
123621,0.17
123622,0.09
123633,0.14
123635,0.13
123658,0.28
123659,0.06
123663,0.14
123666,0.18
123670,0.1
123678,0.07
123688,0.18
123707,0.1
123709,0.14
123720,0.11
123741,0.1
123751,0.25
123759,0.18
123765,0.17
123766,0.12
123793,0.36
123794,0.1
123809,0.18
123837,0.09
123839,0.1
123843,0.26
123851,0.14
123854,0.2
123860,0.06
123863,0.21
123879,0.09
123888,0.23
123891,0.07
123912,0.1
123942,0.07
123952,0.2
123953,0.08
123958,0.21
123966,0.07
123977,0.21
123981,0.1
124000,0.08
124023,0.08
124026,0.16
124027,0.09
124033,0.12
124053,0.13
124057,0.08
124065,0.19
124074,0.06
124079,0.13
124095,0.1
124110,0.16
124138,0.13
124167,0.25
124168,0.19
124175,0.09
124176,0.13
124181,0.15
124195,0.19
124197,0.06
124206,0.1
124225,0.11
124230,0.17
124231,0.22
124253,0.14
124257,0.25
124263,0.14
124277,0.13
124285,0.1
124289,0.11
124299,0.33
124303,0.15
124309,0.43
124316,0.21
124319,0.14
124335,0.25
124347,0.42
124359,0.19
124362,0.12
124363,0.19
124389,0.14
124390,0.12
124393,0.27
124401,0.32
124406,0.07
124407,0.11
124416,0.15
124423,0.1
124429,0.09
124431,0.15
124439,0.08
124441,0.15
124451,0.17
124454,0.17
124463,0.24
124492,0.11
124493,0.23
124503,0.11
124506,0.17
124514,0.06
124516,0.06
124519,0.22
124520,0.14
124539,0.12
124545,0.26
124546,0.15
124552,0.12
124553,0.36
124555,0.13
124575,0.05
124586,0.19
124587,0.07
124591,0.3
124595,0.1
124597,0.1
124625,0.17
124628,0.14
124647,0.18
124648,0.09
124654,0.24
124655,0.08
124656,0.06
124658,0.14
124674,0.17
124675,0.09
124686,0.15
124696,0.24
124698,0.11
124702,0.09
124704,0.15
124705,0.2
124719,0.11
124732,0.1
124734,0.17
124737,0.12
124742,0.13
124793,0.07
124816,0.22
124820,0.08
124823,0.32
124826,0.06
124829,0.15
124844,0.18
124850,0.04
124866,0.07
124868,0.14
124874,0.17
124875,0.06
124876,0.11
124887,0.1
124893,0.22
124901,0.1
124905,0.23
124906,0.18
124931,0.11
124938,0.11
124940,0.2
124947,0.04
124948,0.16
124949,0.1
124971,0.22
124974,0.09
124976,0.14
125004,0.16
125025,0.06
125029,0.2
125031,0.12
125037,0.17
125046,0.09
125052,0.03
125053,0.12
125090,0.19
125093,0.13
125100,0.25
125101,0.2
125104,0.24
125111,0.07
125133,0.11
125144,0.16
125145,0.15
125149,0.15
125157,0.06
125158,0.28
125164,0.31
125167,0.14
125170,0.21
125177,0.1
125185,0.13
125190,0.06
125196,0.11
125200,0.25
125203,0.12
125215,0.26
125221,0.15
125224,0.07
125227,0.17
125252,0.09
125256,0.15
125264,0.11
125266,0.08
125267,0.07
125268,0.37
125270,0.15
125271,0.08
125276,0.07
125290,0.08
125300,0.15
125311,0.1
125327,0.1
125338,0.05
125359,0.17
125360,0.14
125366,0.12
125373,0.17
125376,0.29
125384,0.1
125387,0.17
125388,0.15
125393,0.11
125394,0.15
125396,0.09
125397,0.09
125408,0.23
125409,0.14
125414,0.3
125423,0.1
125425,0.16
125436,0.15
125450,0.22
125465,0.09
125471,0.31
125488,0.1
125496,0.13
125500,0.26
125505,0.08
125507,0.17
125519,0.06
125521,0.32
125524,0.13
125531,0.23
125542,0.13
125552,0.07
125560,0.1
125573,0.08
125574,0.14
125576,0.18
125592,0.1
125604,0.13
125622,0.17
125628,0.1
125649,0.15
125668,0.15
125695,0.09
125698,0.15
125701,0.15
125705,0.14
125709,0.12
125713,0.05
125720,0.17
125727,0.27
125747,0.06
125752,0.16
125758,0.04
125772,0.1
125779,0.32
125798,0.22
125804,0.17
125814,0.08
125817,0.05
125835,0.06
125838,0.14
125842,0.15
125852,0.23
125878,0.08
125886,0.13
125896,0.27
125924,0.18
125930,0.11
125939,0.08
125957,0.26
125961,0.2
125972,0.07
125973,0.22
125975,0.06
125983,0.06
125984,0.35
125990,0.18
126016,0.24
126022,0.1
126028,0.12
126047,0.16
126048,0.11
126067,0.16
126068,0.06
126069,0.11
126088,0.12
126121,0.09
126123,0.13
126125,0.07
126136,0.14
126159,0.11
126162,0.1
126165,0.13
126172,0.15
126175,0.13
126178,0.05
126184,0.13
126198,0.15
126202,0.23
126203,0.07
126205,0.08
126214,0.19
126231,0.26
126238,0.13
126242,0.11
126252,0.06
126263,0.12
126265,0.15
126267,0.22
126274,0.09
126299,0.13
126307,0.19
126310,0.16
126329,0.12
126331,0.05
126340,0.15
126341,0.23
126348,0.17
126349,0.08
126351,0.14
126354,0.1
126366,0.07
126370,0.08
126398,0.16
126407,0.13
126409,0.13
126431,0.07
126438,0.1
126448,0.05
126462,0.07
126464,0.17
126468,0.06
126472,0.2
126473,0.11
126479,0.12
126484,0.2
126486,0.14
126488,0.16
126490,0.17
126494,0.14
126506,0.07
126510,0.1
126513,0.08
126526,0.25
126533,0.14
126538,0.18
126549,0.17
126553,0.2
126554,0.07
126555,0.07
126579,0.12
126584,0.11
126594,0.09
126595,0.17
126596,0.21
126602,0.09
126611,0.14
126614,0.12
126636,0.05
126638,0.15
126651,0.14
126658,0.15
126674,0.08
126685,0.11
126688,0.19
126689,0.21
126707,0.31
126715,0.15
126716,0.09
126721,0.28
126722,0.2
126732,0.09
126738,0.13
126743,0.14
126744,0.07
126752,0.09
126759,0.13
126763,0.3
126775,0.17
126778,0.19
126784,0.16
126791,0.03
126792,0.19
126804,0.22
126816,0.23
126817,0.11
126822,0.05
126832,0.15
126842,0.13
126849,0.1
126850,0.09
126861,0.1
126871,0.04
126872,0.19
126880,0.1
126888,0.12
126896,0.11
126913,0.14
126918,0.07
126954,0.02
126961,0.14
126963,0.08
126965,0.25
126968,0.16
126971,0.09
126981,0.19
126984,0.16
126985,0.16
126995,0.2
126999,0.18
127007,0.14
127015,0.13
127038,0.08
127054,0.11
127057,0.05
127062,0.17
127083,0.18
127098,0.15
127102,0.11
127110,0.09
127111,0.16
127116,0.06
127126,0.18
127135,0.12
127137,0.17
127142,0.14
127151,0.1
127155,0.21
127156,0.12
127160,0.16
127169,0.11
127174,0.06
127175,0.1
127177,0.12
127192,0.08
127193,0.12
127196,0.15
127197,0.19
127204,0.13
127207,0.14
127215,0.07
127226,0.18
127230,0.11
127244,0.11
127247,0.17
127249,0.08
127259,0.14
127299,0.15
127304,0.1
127308,0.15
127309,0.16
127313,0.16
127316,0.13
127317,0.26
127318,0.14
127333,0.1
127334,0.1
127336,0.07
127346,0.18
127370,0.11
127375,0.21
127390,0.11
127392,0.12
127398,0.13
127400,0.12
127402,0.18
127407,0.16
127412,0.08
127413,0.08
127415,0.15
127418,0.29
127425,0.18
127432,0.18
127436,0.11
127448,0.08
127449,0.18
127463,0.12
127464,0.17
127468,0.09
127481,0.11
127492,0.22
127495,0.11
127496,0.14
127501,0.09
127508,0.15
127531,0.13
127554,0.07
127562,0.22
127565,0.03
127567,0.19
127582,0.09
127593,0.1
127595,0.09
127614,0.1
127627,0.14
127630,0.13
127638,0.11
127639,0.19
127641,0.09
127643,0.17
127665,0.08
127674,0.07
127676,0.26
127693,0.12
127701,0.05
127702,0.2
127709,0.2
127720,0.16
127733,0.11
127739,0.13
127753,0.16
127756,0.09
127757,0.16
127777,0.2
127810,0.27
127811,0.11
127821,0.19
127835,0.28
127839,0.16
127870,0.13
127878,0.18
127887,0.17
127918,0.12
127919,0.12
127920,0.05
127932,0.16
127933,0.21
127953,0.12
127955,0.15
127957,0.09
127961,0.12
127967,0.22
127970,0.24
127975,0.14
127985,0.07
127991,0.09
127997,0.07
127999,0.1
128004,0.14
128005,0.18
128015,0.11
128018,0.13
128044,0.15
128046,0.11
128047,0.24
128048,0.25
128054,0.18
128066,0.18
128070,0.1
128071,0.14
128094,0.17
128095,0.14
128099,0.21
128116,0.05
128130,0.1
128132,0.06
128133,0.27
128140,0.15
128154,0.13
128156,0.28
128160,0.14
128165,0.25
128166,0.04
128169,0.03
128171,0.07
128177,0.15
128178,0.13
128182,0.05
128191,0.15
128199,0.09
128213,0.12
128214,0.2
128216,0.1
128217,0.18
128226,0.14
128229,0.05
128232,0.2
128246,0.12
128273,0.14
128274,0.06
128283,0.12
128284,0.19
128294,0.1
128295,0.15
128297,0.13
128300,0.12
128314,0.07
128317,0.07
128339,0.14
128340,0.11
128342,0.1
128343,0.09
128364,0.15
128368,0.22
128377,0.16
128380,0.11
128383,0.16
128407,0.13
128409,0.23
128423,0.12
128428,0.11
128433,0.1
128438,0.21
128439,0.14
128446,0.08
128447,0.13
128450,0.27
128455,0.19
128457,0.2
128464,0.13
128465,0.09
128471,0.08
128474,0.29
128483,0.11
128514,0.19
128516,0.17
128519,0.2
128528,0.14
128529,0.19
128536,0.16
128541,0.13
128542,0.11
128545,0.22
128557,0.07
128560,0.22
128568,0.13
128571,0.09
128578,0.09
128582,0.17
128588,0.27
128597,0.17
128610,0.11
128619,0.28
128630,0.12
128680,0.13
128684,0.1
128687,0.13
128699,0.31
128702,0.13
128704,0.15
128710,0.24
128720,0.21
128724,0.07
128727,0.08
128744,0.16
128745,0.07
128760,0.14
128766,0.26
128770,0.13
128782,0.1
128822,0.08
128830,0.21
128836,0.21
128845,0.18
128858,0.03
128859,0.1
128860,0.1
128874,0.08
128880,0.15
128882,0.18
128883,0.21
128884,0.07
128892,0.11
128905,0.18
128910,0.16
128912,0.19
128915,0.12
128917,0.2
128937,0.1
128942,0.09
128945,0.09
128957,0.13
128962,0.16
128970,0.07
128985,0.11
128986,0.1
128992,0.09
128994,0.16
129003,0.12
129005,0.15
129010,0.07
129024,0.2
129038,0.09
129042,0.14
129049,0.16
129062,0.23
129067,0.1
129070,0.11
129073,0.07
129074,0.2
129088,0.08
129090,0.16
129101,0.25
129102,0.11
129106,0.27
129108,0.14
129120,0.1
129122,0.06
129123,0.26
129135,0.21
129141,0.14
129152,0.17
129160,0.22
129168,0.18
129174,0.07
129178,0.08
129183,0.11
129187,0.09
129197,0.1
129200,0.08
129205,0.14
129222,0.11
129230,0.11
129235,0.21
129251,0.12
129274,0.06
129282,0.07
129284,0.18
129298,0.16
129299,0.07
129311,0.13
129312,0.06
129313,0.08
129314,0.08
129321,0.22
129329,0.14
129330,0.24
129332,0.11
129338,0.08
129345,0.04
129349,0.13
129353,0.08
129357,0.1
129358,0.12
129365,0.23
129376,0.16
129380,0.08
129382,0.11
129402,0.11
129403,0.04
129412,0.09
129441,0.33
129442,0.08
129448,0.16
129466,0.11
129475,0.19
129483,0.16
129484,0.19
129499,0.07
129501,0.14
129508,0.12
129510,0.21
129526,0.15
129527,0.23
129533,0.14
129535,0.3
129536,0.25
129545,0.14
129553,0.25
129557,0.17
129560,0.09
129576,0.16
129580,0.09
129585,0.12
129587,0.1
129597,0.09
129611,0.09
129619,0.12
129622,0.2
129631,0.13
129632,0.14
129640,0.21
129647,0.07
129658,0.04
129676,0.14
129683,0.12
129685,0.14
129701,0.15
129706,0.23
129707,0.08
129720,0.1
129727,0.16
129728,0.12
129768,0.09
129775,0.12
129790,0.14
129804,0.14
129805,0.2
129813,0.1
129816,0.16
129823,0.17
129826,0.28
129831,0.1
129833,0.09
129851,0.15
129857,0.16
129860,0.13
129914,0.16
129926,0.09
129933,0.11
129939,0.1
129949,0.11
129959,0.14
129962,0.31
129963,0.21
129964,0.14
129977,0.1
129985,0.08
129987,0.15
129992,0.12
130002,0.11
130016,0.24
130045,0.08
130048,0.22
130051,0.12
130053,0.14
130056,0.04
130061,0.1
130062,0.09
130065,0.15
130066,0.07
130070,0.14
130079,0.12
130080,0.09
130098,0.1
130109,0.15
130110,0.13
130116,0.1
130125,0.28
130134,0.24
130137,0.17
130138,0.11
130146,0.19
130148,0.17
130154,0.04
130156,0.07
130158,0.1
130159,0.07
130177,0.06
130186,0.29
130204,0.17
130205,0.22
130206,0.15
130211,0.13
130217,0.13
130218,0.06
130235,0.17
130236,0.23
130239,0.04
130256,0.1
130260,0.08
130261,0.3
130262,0.05
130263,0.09
130264,0.04
130266,0.21
130277,0.2
130278,0.16
130281,0.39
130297,0.06
130302,0.19
130320,0.11
130325,0.18
130329,0.13
130338,0.26
130339,0.14
130340,0.17
130344,0.1
130347,0.1
130353,0.09
130358,0.06
130366,0.16
130371,0.1
130374,0.12
130389,0.14
130390,0.16
130404,0.14
130426,0.13
130440,0.09
130449,0.29
130451,0.13
130452,0.19
130453,0.13
130463,0.18
130466,0.07
130467,0.1
130475,0.15
130489,0.2
130490,0.1
130495,0.13
130497,0.12
130499,0.07
130504,0.21
130513,0.04
130528,0.08
130533,0.27
130543,0.09
130567,0.21
130571,0.2
130572,0.11
130589,0.12
130592,0.23
130603,0.2
130623,0.14
130641,0.16
130687,0.08
130690,0.09
130698,0.14
130707,0.14
130709,0.16
130718,0.19
130722,0.13
130732,0.06
130735,0.14
130757,0.1
130760,0.08
130771,0.07
130772,0.1
130774,0.17
130779,0.07
130795,0.09
130828,0.18
130833,0.15
130843,0.06
130855,0.16
130871,0.12
130878,0.18
130885,0.18
130889,0.14
130894,0.18
130896,0.14
130905,0.06
130906,0.14
130930,0.08
130931,0.1
130943,0.17
130946,0.11
130947,0.22
130950,0.04
130954,0.15
130966,0.09
130983,0.14
131003,0.11
131005,0.09
131009,0.06
131013,0.15
131027,0.09
131030,0.17
131031,0.11
131033,0.13
131039,0.11
131045,0.19
131057,0.15
131072,0.1
131084,0.09
131088,0.1
131089,0.11
131091,0.16
131093,0.15
131114,0.24
131118,0.1
131123,0.14
131130,0.14
131144,0.14
131162,0.12
131163,0.12
131166,0.19
131179,0.31
131181,0.07
131183,0.26
131219,0.08
131227,0.09
131231,0.16
131235,0.22
131242,0.13
131251,0.15
131257,0.16
131263,0.09
131268,0.2
131271,0.11
131275,0.06
131286,0.12
131290,0.15
131300,0.04
131306,0.09
131316,0.18
131321,0.23
131322,0.15
131326,0.05
131333,0.18
131335,0.2
131352,0.12
131354,0.1
131366,0.08
131373,0.15
131388,0.07
131394,0.14
131404,0.19
131405,0.2
131411,0.1
131416,0.27
131421,0.14
131424,0.14
131426,0.16
131443,0.18
131470,0.14
131471,0.2
131476,0.1
131477,0.06
131479,0.28
131493,0.18
131495,0.17
131496,0.1
131498,0.17
131504,0.28
131525,0.29
131528,0.13
131548,0.11
131549,0.12
131550,0.23
131557,0.37
131564,0.07
131565,0.07
131576,0.25
131602,0.2
131628,0.11
131629,0.12
131641,0.15
131647,0.06
131664,0.07
131677,0.11
131681,0.15
131682,0.03
131688,0.17
131690,0.08
131691,0.15
131709,0.11
131713,0.04
131719,0.14
131733,0.25
131734,0.13
131743,0.24
131747,0.17
131748,0.25
131758,0.02
131759,0.26
131764,0.11
131771,0.16
131788,0.15
131791,0.2
131798,0.14
131810,0.22
131812,0.12
131815,0.14
131823,0.22
131824,0.08
131828,0.19
131844,0.12
131846,0.11
131848,0.11
131863,0.17
131864,0.14
131889,0.16
131890,0.15
131892,0.18
131895,0.14
131896,0.15
131897,0.06
131905,0.12
131906,0.14
131907,0.17
131914,0.1
131921,0.08
131922,0.1
131925,0.14
131936,0.12
131941,0.1
131950,0.13
131952,0.12
131959,0.25
131983,0.09
131987,0.1
131994,0.16
132004,0.24
132009,0.12
132012,0.15
132013,0.11
132014,0.21
132028,0.21
132054,0.04
132061,0.08
132062,0.13
132078,0.28
132082,0.04
132086,0.18
132089,0.15
132095,0.16
132109,0.07
132110,0.16
132121,0.04
132125,0.06
132127,0.14
132128,0.06
132134,0.13
132139,0.09
132141,0.15
132149,0.25
132150,0.14
132152,0.12
132153,0.22
132164,0.17
132179,0.25
132182,0.12
132189,0.07
132193,0.1
132194,0.12
132195,0.11
132208,0.26
132211,0.13
132212,0.18
132216,0.05
132219,0.08
132223,0.12
132238,0.08
132242,0.08
132268,0.08
132275,0.11
132276,0.17
132279,0.05
132289,0.19
132290,0.1
132300,0.26
132319,0.29
132340,0.09
132344,0.08
132345,0.04
132346,0.15
132352,0.17
132353,0.16
132358,0.22
132381,0.16
132382,0.1
132383,0.1
132410,0.16
132419,0.09
132423,0.18
132432,0.1
132434,0.14
132440,0.24
132441,0.19
132452,0.05
132453,0.06
132456,0.08
132459,0.09
132462,0.14
132463,0.1
132468,0.25
132485,0.3
132490,0.16
132500,0.16
132521,0.2
132555,0.13
132560,0.11
132562,0.06
132575,0.17
132587,0.11
132591,0.1
132611,0.22
132615,0.14
132617,0.29
132622,0.27
132629,0.09
132638,0.07
132642,0.07
132658,0.11
132664,0.09
132668,0.08
132676,0.25
132704,0.12
132707,0.11
132719,0.14
132723,0.24
132724,0.14
132732,0.07
132754,0.14
132756,0.11
132766,0.15
132767,0.13
132775,0.16
132776,0.17
132785,0.12
132787,0.08
132793,0.25
132807,0.08
132811,0.09
132818,0.05
132834,0.07
132846,0.06
132861,0.1
132870,0.17
132882,0.12
132884,0.08
132885,0.15
132888,0.1
132898,0.15
132912,0.04
132916,0.26
132917,0.11
132932,0.23
132940,0.17
132943,0.1
132962,0.15
132965,0.18
132969,0.03
132974,0.12
132977,0.04
132978,0.09
132982,0.09
132983,0.06
132996,0.08
133006,0.09
133007,0.15
133025,0.14
133027,0.17
133033,0.16
133038,0.11
133040,0.13
133041,0.16
133044,0.13
133053,0.12
133063,0.06
133065,0.07
133083,0.16
133084,0.14
133091,0.16
133092,0.09
133107,0.14
133111,0.19
133122,0.15
133132,0.17
133140,0.33
133147,0.05
133150,0.08
133168,0.18
133170,0.09
133184,0.05
133228,0.15
133229,0.19
133230,0.09
133232,0.23
133242,0.2
133246,0.18
133247,0.21
133253,0.13
133268,0.23
133271,0.1
133272,0.07
133296,0.22
133299,0.24
133302,0.32
133315,0.12
133330,0.06
133331,0.11
133332,0.14
133333,0.1
133334,0.37
133361,0.33
133363,0.18
133404,0.04
133412,0.42
133418,0.16
133422,0.18
133426,0.19
133450,0.11
133465,0.11
133468,0.2
133469,0.14
133474,0.06
133479,0.23
133490,0.31
133492,0.07
133495,0.11
133496,0.11
133501,0.24
133502,0.13
133511,0.13
133515,0.1
133528,0.15
133539,0.16
133551,0.12
133564,0.17
133569,0.17
133570,0.1
133578,0.08
133586,0.06
133587,0.15
133597,0.21
133608,0.11
133624,0.2
133626,0.2
133645,0.1
133655,0.15
133658,0.07
133659,0.12
133660,0.1
133664,0.09
133684,0.25
133685,0.05
133688,0.13
133706,0.12
133713,0.14
133723,0.09
133730,0.08
133733,0.11
133760,0.25
133762,0.13
133777,0.06
133793,0.07
133816,0.12
133818,0.12
133824,0.24
133841,0.26
133850,0.11
133877,0.13
133880,0.1
133887,0.11
133889,0.25
133896,0.16
133916,0.23
133920,0.13
133936,0.18
133939,0.05
133940,0.06
133942,0.2
133956,0.14
133957,0.23
133965,0.2
133972,0.17
133973,0.09
134008,0.1
134016,0.29
134039,0.11
134040,0.12
134045,0.12
134050,0.22
134056,0.28
134082,0.23
134085,0.16
134089,0.16
134102,0.14
134118,0.05
134131,0.11
134135,0.13
134137,0.08
134150,0.15
134159,0.09
134183,0.06
134186,0.18
134211,0.15
134216,0.1
134217,0.06
134218,0.11
134230,0.21
134233,0.2
134234,0.12
134236,0.16
134241,0.12
134242,0.18
134273,0.16
134277,0.1
134287,0.14
134293,0.15
134302,0.16
134306,0.26
134307,0.1
134325,0.11
134330,0.14
134334,0.13
134338,0.19
134339,0.09
134348,0.13
134355,0.06
134369,0.22
134387,0.15
134399,0.15
134400,0.03
134405,0.12
134407,0.13
134433,0.16
134448,0.05
134460,0.1
134463,0.14
134467,0.1
134485,0.05
134486,0.23
134490,0.28
134494,0.16
134501,0.2
134508,0.08
134512,0.12
134514,0.17
134519,0.08
134528,0.13
134536,0.17
134540,0.15
134546,0.18
134549,0.24
134558,0.17
134560,0.18
134588,0.15
134590,0.12
134591,0.1
134594,0.1
134622,0.14
134626,0.13
134639,0.11
134649,0.1
134654,0.19
134658,0.15
134683,0.22
134688,0.23
134689,0.34
134697,0.06
134698,0.2
134718,0.13
134742,0.13
134751,0.18
134760,0.13
134763,0.06
134764,0.17
134765,0.16
134773,0.09
134790,0.11
134794,0.12
134802,0.13
134805,0.1
134807,0.12
134812,0.2
134813,0.13
134823,0.19
134824,0.15
134838,0.27
134841,0.12
134857,0.1
134862,0.17
134865,0.1
134880,0.12
134883,0.14
134884,0.11
134916,0.1
134918,0.1
134919,0.17
134921,0.06
134928,0.22
134943,0.1
134950,0.08
134968,0.11
134971,0.39
134972,0.17
135011,0.08
135013,0.41
135016,0.07
135031,0.11
135036,0.13
135041,0.08
135052,0.17
135053,0.17
135054,0.23
135060,0.09
135072,0.14
135078,0.13
135079,0.07
135090,0.15
135113,0.11
135123,0.11
135128,0.14
135136,0.15
135152,0.16
135163,0.05
135166,0.08
135186,0.14
135188,0.17
135194,0.09
135214,0.12
135220,0.15
135235,0.1
135236,0.11
135241,0.18
135243,0.17
135253,0.16
135258,0.2
135264,0.13
135271,0.13
135274,0.16
135275,0.08
135288,0.11
135290,0.09
135299,0.11
135304,0.17
135309,0.08
135345,0.3
135359,0.11
135360,0.12
135361,0.09
135363,0.13
135365,0.08
135369,0.12
135380,0.09
135387,0.17
135389,0.1
135390,0.2
135393,0.09
135401,0.19
135409,0.21
135410,0.16
135412,0.15
135430,0.21
135434,0.09
135435,0.14
135445,0.29
135449,0.34
135460,0.15
135461,0.08
135491,0.18
135500,0.14
135504,0.14
135506,0.15
135521,0.22
135523,0.25
135527,0.1
135528,0.09
135530,0.29
135540,0.13
135541,0.36
135562,0.17
135578,0.09
135584,0.08
135589,0.17
135590,0.08
135591,0.14
135596,0.09
135607,0.06
135622,0.06
135626,0.26
135635,0.16
135636,0.21
135650,0.08
135656,0.13
135657,0.17
135672,0.19
135673,0.16
135678,0.16
135679,0.07
135684,0.23
135701,0.04
135704,0.11
135713,0.17
135716,0.24
135718,0.07
135723,0.07
135737,0.11
135738,0.11
135745,0.07
135746,0.22
135752,0.19
135755,0.16
135756,0.07
135765,0.17
135778,0.12
135779,0.08
135788,0.12
135803,0.07
135804,0.09
135809,0.06
135811,0.35
135812,0.13
135823,0.18
135834,0.13
135838,0.1
135843,0.08
135847,0.11
135857,0.44
135865,0.1
135872,0.06
135885,0.19
135888,0.09
135899,0.36
135910,0.11
135930,0.14
135941,0.29
135943,0.26
135949,0.18
135950,0.23
135951,0.16
135954,0.26
135966,0.29
135967,0.13
135971,0.11
135974,0.24
135975,0.08
135985,0.08
136004,0.13
136009,0.19
136033,0.16
136041,0.15
136051,0.11
136057,0.12
136070,0.23
136099,0.08
136103,0.1
136114,0.21
136116,0.09
136140,0.13
136160,0.09
136185,0.11
136201,0.16
136211,0.2
136213,0.21
136224,0.27
136234,0.15
136244,0.14
136255,0.11
136257,0.16
136260,0.11
136261,0.16
136263,0.24
136267,0.15
136277,0.16
136289,0.09
136293,0.08
136296,0.12
136302,0.19
136312,0.12
136317,0.15
136337,0.2
136355,0.07
136356,0.45
136383,0.09
136390,0.12
136406,0.11
136416,0.08
136417,0.17
136429,0.26
136440,0.12
136445,0.17
136449,0.06
136454,0.2
136457,0.1
136467,0.2
136474,0.18
136503,0.08
136505,0.15
136558,0.1
136578,0.17
136579,0.13
136582,0.15
136583,0.12
136588,0.17
136593,0.12
136605,0.3
136617,0.2
136620,0.09
136625,0.07
136640,0.16
136643,0.25
136653,0.27
136654,0.25
136660,0.07
136661,0.11
136663,0.18
136683,0.21
136711,0.13
136726,0.24
136730,0.14
136739,0.23
136740,0.25
136745,0.04
136751,0.16
136754,0.21
136758,0.2
136762,0.14
136763,0.12
136778,0.11
136782,0.08
136798,0.11
136808,0.21
136811,0.14
136829,0.12
136832,0.1
136838,0.13
136846,0.09
136848,0.14
136852,0.11
136854,0.2
136856,0.11
136862,0.37
136863,0.12
136885,0.11
136887,0.11
136902,0.18
136918,0.1
136922,0.11
136923,0.07
136929,0.36
136940,0.12
136967,0.19
136968,0.19
136972,0.23
136984,0.12
136993,0.19
136994,0.1
136995,0.08
136999,0.09
137013,0.07
137015,0.21
137023,0.12
137025,0.12
137032,0.11
137033,0.29
137045,0.14
137049,0.06
137051,0.21
137052,0.11
137101,0.18
137119,0.19
137142,0.12
137149,0.17
137166,0.06
137167,0.11
137192,0.11
137193,0.08
137194,0.13
137204,0.14
137214,0.03
137222,0.2
137223,0.16
137234,0.13
137254,0.06
137269,0.08
137284,0.14
137285,0.32
137286,0.21
137287,0.18
137300,0.22
137305,0.07
137313,0.14
137344,0.28
137346,0.21
137354,0.19
137356,0.27
137357,0.11
137364,0.12
137368,0.1
137380,0.21
137383,0.1
137395,0.13
137432,0.07
137433,0.15
137435,0.13
137444,0.11
137453,0.15
137454,0.05
137455,0.16
137456,0.07
137457,0.15
137465,0.15
137476,0.13
137515,0.15
137544,0.27
137549,0.16
137560,0.1
137577,0.29
137590,0.05
137591,0.16
137592,0.15
137595,0.17
137614,0.12
137624,0.19
137640,0.1
137651,0.16
137657,0.06
137658,0.34
137672,0.11
137673,0.08
137687,0.3
137688,0.12
137689,0.12
137700,0.33
137711,0.09
137715,0.21
137718,0.1
137721,0.11
137722,0.14
137726,0.3
137739,0.17
137741,0.11
137743,0.12
137747,0.08
137761,0.11
137796,0.06
137807,0.17
137809,0.06
137824,0.1
137827,0.12
137846,0.2
137862,0.08
137865,0.06
137868,0.12
137875,0.06
137878,0.16
137883,0.09
137888,0.18
137913,0.07
137915,0.07
137934,0.07
137936,0.18
137937,0.14
137942,0.1
137944,0.18
137947,0.07
137960,0.13
137977,0.14
138006,0.09
138007,0.12
138008,0.16
138019,0.1
138021,0.12
138022,0.09
138025,0.17
138044,0.15
138046,0.11
138050,0.1
138068,0.16
138084,0.11
138085,0.16
138086,0.14
138087,0.08
138089,0.18
138100,0.19
138105,0.08
138107,0.11
138127,0.13
138128,0.22
138129,0.12
138131,0.02
138132,0.06
138150,0.18
138156,0.16
138169,0.13
138174,0.14
138177,0.18
138187,0.22
138189,0.15
138193,0.14
138203,0.11
138209,0.09
138237,0.06
138243,0.14
138273,0.08
138274,0.16
138275,0.13
138277,0.09
138285,0.13
138289,0.14
138308,0.13
138313,0.1
138317,0.11
138326,0.22
138327,0.15
138338,0.12
138367,0.09
138377,0.19
138416,0.11
138417,0.16
138419,0.12
138425,0.21
138430,0.19
138454,0.11
138465,0.17
138470,0.11
138480,0.07
138481,0.27
138486,0.15
138492,0.19
138496,0.13
138519,0.22
138520,0.13
138522,0.21
138545,0.06
138556,0.2
138560,0.08
138564,0.13
138573,0.21
138581,0.2
138585,0.21
138591,0.12
138598,0.05
138600,0.17
138602,0.12
138613,0.25
138639,0.1
138651,0.12
138652,0.16
138661,0.24
138674,0.13
138678,0.35
138679,0.09
138686,0.13
138695,0.08
138711,0.16
138728,0.17
138731,0.08
138744,0.22
138752,0.15
138754,0.25
138756,0.14
138770,0.05
138771,0.27
138807,0.09
138818,0.13
138819,0.15
138820,0.08
138831,0.09
138843,0.03
138871,0.1
138873,0.07
138876,0.17
138880,0.21
138881,0.07
138882,0.11
138890,0.09
138892,0.11
138893,0.14
138917,0.16
138921,0.14
138922,0.2
138924,0.07
138926,0.1
138932,0.2
138946,0.17
138959,0.16
138961,0.13
138964,0.11
138968,0.13
138969,0.16
138980,0.21
138992,0.22
139002,0.26
139010,0.09
139011,0.09
139017,0.21
139030,0.11
139032,0.09
139034,0.26
139039,0.08
139049,0.1
139053,0.14
139058,0.15
139062,0.17
139067,0.27
139069,0.38
139070,0.34
139075,0.17
139082,0.17
139092,0.2
139098,0.07
139108,0.18
139127,0.28
139130,0.13
139145,0.08
139164,0.12
139174,0.13
139175,0.09
139178,0.14
139180,0.05
139181,0.16
139186,0.08
139189,0.11
139190,0.1
139191,0.11
139198,0.11
139201,0.18
139204,0.18
139208,0.12
139211,0.14
139215,0.25
139225,0.18
139226,0.09
139231,0.2
139246,0.17
139252,0.09
139256,0.1
139258,0.11
139268,0.03
139272,0.08
139283,0.19
139286,0.15
139289,0.14
139290,0.15
139291,0.09
139293,0.17
139303,0.11
139304,0.12
139307,0.3
139319,0.11
139321,0.17
139326,0.11
139327,0.14
139355,0.19
139363,0.07
139375,0.14
139397,0.24
139412,0.13
139413,0.14
139415,0.11
139416,0.15
139449,0.23
139461,0.16
139462,0.15
139463,0.24
139486,0.13
139493,0.14
139515,0.13
139516,0.27
139522,0.12
139532,0.03
139542,0.12
139545,0.14
139552,0.3
139553,0.18
139555,0.12
139559,0.14
139560,0.14
139564,0.18
139565,0.12
139567,0.06
139568,0.04
139572,0.15
139573,0.19
139592,0.12
139595,0.22
139597,0.15
139598,0.23
139607,0.22
139609,0.19
139628,0.15
139653,0.19
139656,0.42
139661,0.13
139673,0.11
139674,0.11
139683,0.09
139714,0.25
139724,0.16
139737,0.18
139749,0.16
139755,0.09
139756,0.2
139757,0.06
139763,0.22
139769,0.2
139774,0.36
139775,0.09
139777,0.08
139780,0.2
139788,0.21
139794,0.15
139831,0.17
139832,0.11
139834,0.13
139839,0.11
139843,0.15
139844,0.1
139858,0.21
139861,0.14
139864,0.25
139865,0.22
139874,0.26
139876,0.07
139895,0.18
139903,0.26
139917,0.1
139930,0.1
139934,0.13
139935,0.12
139946,0.09
139958,0.1
139977,0.08
139981,0.07
139989,0.14
139992,0.16
139995,0.15
139996,0.14
139997,0.14
140005,0.17
140010,0.26
140018,0.15
140026,0.1
140027,0.13
140031,0.2
140037,0.1
140039,0.1
140040,0.27
140042,0.09
140049,0.28
140084,0.18
140087,0.12
140096,0.16
140101,0.27
140114,0.08
140117,0.15
140129,0.26
140131,0.38
140132,0.1
140136,0.15
140144,0.06
140151,0.15
140172,0.21
140174,0.08
140190,0.13
140196,0.07
140200,0.1
140204,0.16
140223,0.17
140232,0.05
140234,0.08
140237,0.25
140245,0.17
140247,0.14
140248,0.12
140298,0.14
140305,0.38
140311,0.08
140312,0.21
140318,0.21
140325,0.14
140327,0.34
140334,0.11
140337,0.1
140338,0.06
140343,0.13
140376,0.09
140378,0.21
140381,0.08
140382,0.09
140384,0.06
140386,0.16
140390,0.09
140402,0.05
140406,0.06
140425,0.14
140426,0.14
140434,0.14
140435,0.1
140436,0.28
140451,0.22
140452,0.13
140454,0.11
140455,0.15
140483,0.15
140504,0.12
140512,0.2
140518,0.14
140534,0.1
140545,0.09
140546,0.16
140560,0.1
140563,0.08
140564,0.19
140569,0.07
140577,0.09
140638,0.11
140655,0.16
140664,0.09
140669,0.12
140672,0.22
140682,0.09
140693,0.17
140700,0.09
140701,0.14
140704,0.07
140705,0.18
140719,0.08
140749,0.17
140750,0.06
140751,0.2
140752,0.14
140762,0.18
140772,0.15
140778,0.19
140779,0.18
140780,0.07
140802,0.08
140804,0.23
140807,0.25
140813,0.11
140827,0.1
140840,0.11
140845,0.09
140847,0.21
140861,0.15
140862,0.13
140872,0.1
140879,0.21
140880,0.15
140886,0.18
140924,0.08
140938,0.03
140944,0.11
140945,0.22
140961,0.13
140963,0.07
140967,0.1
140982,0.17
140990,0.09
140993,0.09
140996,0.27
141004,0.12
141025,0.48
141030,0.14
141031,0.08
141032,0.11
141067,0.07
141072,0.16
141081,0.16
141084,0.19
141085,0.12
141089,0.09
141090,0.18
141093,0.15
141095,0.16
141110,0.12
141114,0.12
141119,0.31
141147,0.16
141150,0.27
141159,0.17
141160,0.13
141167,0.07
141206,0.1
141213,0.13
141215,0.3
141222,0.07
141255,0.17
141283,0.14
141298,0.25
141306,0.19
141310,0.31
141320,0.11
141323,0.24
141329,0.14
141333,0.08
141339,0.07
141340,0.09
141344,0.1
141345,0.06
141347,0.11
141350,0.11
141356,0.14
141358,0.1
141365,0.11
141368,0.09
141369,0.16
141376,0.13
141377,0.07
141385,0.14
141387,0.09
141388,0.29
141389,0.17
141390,0.21
141409,0.03
141410,0.11
141411,0.13
141414,0.16
141422,0.1
141426,0.2
141457,0.07
141470,0.11
141480,0.12
141481,0.04
141492,0.11
141493,0.14
141496,0.1
141497,0.06
141502,0.12
141503,0.2
141504,0.34
141507,0.13
141515,0.04
141524,0.24
141528,0.07
141540,0.06
141542,0.13
141551,0.3
141573,0.14
141580,0.12
141588,0.25
141596,0.12
141597,0.1
141602,0.12
141608,0.14
141611,0.1
141612,0.23
141618,0.14
141628,0.07
141632,0.22
141634,0.16
141637,0.11
141638,0.22
141639,0.11
141640,0.17
141644,0.23
141654,0.21
141656,0.1
141668,0.13
141717,0.23
141718,0.15
141723,0.22
141743,0.08
141744,0.15
141750,0.1
141753,0.06
141762,0.3
141809,0.1
141815,0.03
141826,0.08
141832,0.13
141840,0.12
141869,0.1
141870,0.18
141887,0.11
141915,0.13
141925,0.09
141945,0.32
141949,0.12
141958,0.13
141959,0.08
141963,0.15
141989,0.13
141995,0.1
141997,0.12
142005,0.08
142008,0.13
142012,0.15
142014,0.03
142025,0.11
142036,0.09
142037,0.12
142038,0.1
142039,0.16
142064,0.22
142065,0.29
142070,0.09
142074,0.12
142079,0.16
142084,0.24
142087,0.13
142102,0.1
142106,0.07
142115,0.12
142120,0.1
142132,0.09
142139,0.26
142142,0.11
142153,0.14
142160,0.21
142162,0.12
142163,0.08
142167,0.1
142168,0.1
142177,0.19
142180,0.22
142183,0.1
142186,0.15
142189,0.11
142195,0.09
142198,0.14
142210,0.1
142215,0.15
142222,0.11
142223,0.21
142224,0.14
142236,0.14
142237,0.09
142239,0.1
142242,0.13
142243,0.1
142244,0.06
142255,0.06
142273,0.17
142289,0.23
142294,0.09
142303,0.2
142305,0.05
142339,0.19
142359,0.22
142361,0.14
142364,0.13
142378,0.22
142380,0.15
142383,0.2
142387,0.12
142393,0.2
142396,0.29
142407,0.29
142409,0.14
142427,0.11
142429,0.3
142430,0.16
142431,0.12
142433,0.15
142439,0.26
142440,0.03
142446,0.05
142459,0.15
142478,0.13
142481,0.12
142491,0.15
142495,0.06
142497,0.08
142510,0.13
142513,0.32
142521,0.07
142529,0.15
142537,0.11
142542,0.28
142558,0.1
142574,0.14
142575,0.07
142579,0.12
142587,0.2
142590,0.28
142610,0.08
142614,0.08
142621,0.08
142641,0.11
142650,0.14
142653,0.07
142667,0.2
142671,0.22
142676,0.06
142680,0.02
142684,0.16
142685,0.11
142686,0.12
142689,0.11
142691,0.14
142704,0.09
142707,0.13
142724,0.11
142727,0.19
142728,0.1
142741,0.1
142747,0.06
142748,0.12
142752,0.09
142755,0.11
142756,0.15
142759,0.05
142762,0.11
142771,0.09
142778,0.18
142783,0.19
142789,0.27
142790,0.11
142791,0.15
142793,0.16
142795,0.08
142803,0.1
142819,0.13
142822,0.08
142825,0.21
142833,0.12
142871,0.07
142872,0.08
142883,0.15
142905,0.14
142906,0.14
142917,0.1
142921,0.16
142927,0.1
142932,0.06
142940,0.15
142962,0.17
142969,0.12
142976,0.09
142977,0.12
142982,0.15
142988,0.13
142990,0.14
142992,0.14
143012,0.15
143013,0.15
143016,0.19
143017,0.14
143033,0.06
143058,0.12
143059,0.13
143060,0.09
143065,0.18
143076,0.12
143081,0.24
143088,0.1
143089,0.18
143090,0.04
143094,0.03
143100,0.07
143115,0.1
143132,0.1
143135,0.17
143136,0.18
143149,0.19
143151,0.15
143152,0.09
143153,0.13
143162,0.16
143166,0.11
143167,0.12
143187,0.13
143188,0.11
143190,0.09
143191,0.1
143195,0.3
143207,0.12
143209,0.22
143227,0.12
143231,0.09
143232,0.08
143244,0.11
143263,0.2
143268,0.29
143275,0.08
143278,0.25
143302,0.12
143320,0.13
143328,0.28
143336,0.11
143339,0.18
143340,0.25
143353,0.12
143360,0.11
143361,0.14
143385,0.26
143388,0.11
143389,0.19
143390,0.12
143393,0.32
143396,0.23
143419,0.12
143421,0.12
143422,0.06
143431,0.06
143433,0.09
143440,0.19
143442,0.08
143463,0.06
143466,0.1
143475,0.25
143500,0.2
143510,0.1
143528,0.07
143532,0.08
143535,0.15
143538,0.16
143548,0.1
143550,0.1
143555,0.1
143576,0.29
143593,0.16
143595,0.18
143596,0.1
143597,0.14
143599,0.11
143601,0.09
143602,0.2
143605,0.06
143609,0.19
143611,0.17
143613,0.18
143618,0.14
143652,0.05
143667,0.11
143679,0.15
143680,0.22
143692,0.21
143703,0.1
143712,0.06
143714,0.12
143715,0.1
143729,0.15
143732,0.05
143738,0.2
143740,0.14
143743,0.2
143772,0.15
143773,0.15
143792,0.12
143802,0.17
143808,0.09
143819,0.1
143820,0.12
143825,0.05
143828,0.16
143831,0.31
143834,0.05
143835,0.12
143843,0.04
143860,0.11
143874,0.1
143889,0.21
143903,0.12
143921,0.11
143936,0.04
143944,0.19
143947,0.11
143948,0.09
143957,0.29
143964,0.2
143965,0.08
143971,0.12
143976,0.16
143977,0.27
143983,0.22
143991,0.11
144015,0.16
144032,0.13
144057,0.09
144065,0.04
144087,0.12
144090,0.16
144091,0.25
144092,0.19
144139,0.15
144150,0.11
144151,0.12
144153,0.12
144154,0.31
144159,0.25
144168,0.19
144169,0.16
144178,0.27
144179,0.1
144183,0.1
144186,0.11
144190,0.13
144191,0.09
144199,0.13
144226,0.11
144227,0.04
144229,0.16
144237,0.06
144247,0.06
144249,0.12
144259,0.1
144260,0.13
144282,0.17
144295,0.16
144304,0.19
144314,0.09
144318,0.17
144324,0.17
144325,0.08
144333,0.14
144334,0.09
144336,0.06
144350,0.11
144354,0.09
144357,0.15
144359,0.07
144365,0.15
144385,0.19
144386,0.07
144387,0.24
144390,0.05
144393,0.16
144398,0.12
144402,0.16
144416,0.19
144422,0.14
144446,0.17
144451,0.09
144461,0.13
144464,0.1
144483,0.12
144498,0.3
144499,0.09
144534,0.07
144549,0.13
144563,0.12
144570,0.35
144579,0.07
144580,0.12
144581,0.14
144582,0.11
144587,0.09
144588,0.09
144589,0.06
144590,0.14
144598,0.23
144601,0.08
144610,0.1
144611,0.15
144612,0.09
144613,0.07
144617,0.23
144635,0.18
144640,0.07
144644,0.09
144645,0.07
144654,0.02
144656,0.07
144657,0.22
144658,0.1
144659,0.25
144665,0.12
144667,0.1
144675,0.12
144677,0.09
144678,0.13
144690,0.2
144701,0.2
144702,0.27
144716,0.09
144721,0.12
144722,0.21
144729,0.09
144744,0.13
144753,0.19
144761,0.04
144764,0.28
144767,0.08
144780,0.19
144781,0.15
144784,0.12
144806,0.11
144810,0.2
144811,0.19
144824,0.11
144828,0.15
144829,0.11
144835,0.09
144849,0.11
144850,0.1
144870,0.12
144881,0.2
144891,0.06
144898,0.14
144904,0.08
144906,0.1
144909,0.12
144910,0.16
144912,0.15
144963,0.14
144965,0.19
144966,0.14
144979,0.14
144990,0.12
144991,0.07
144992,0.22
144999,0.17
145006,0.25
145007,0.08
145008,0.06
145009,0.17
145011,0.1
145014,0.22
145025,0.08
145036,0.12
145041,0.1
145058,0.16
145071,0.09
145106,0.07
145110,0.06
145142,0.16
145146,0.3
145147,0.09
145148,0.16
145149,0.06
145154,0.26
145157,0.19
145158,0.06
145167,0.14
145172,0.12
145174,0.14
145192,0.1
145195,0.08
145196,0.24
145199,0.09
145209,0.24
145242,0.13
145248,0.11
145249,0.11
145250,0.07
145281,0.17
145287,0.18
145288,0.18
145298,0.13
145303,0.04
145309,0.16
145333,0.11
145336,0.07
145339,0.13
145350,0.14
145353,0.07
145354,0.11
145358,0.1
145382,0.2
145383,0.3
145389,0.11
145390,0.16
145391,0.15
145392,0.18
145407,0.08
145410,0.14
145412,0.16
145415,0.14
145418,0.09
145419,0.11
145440,0.13
145451,0.12
145476,0.22
145481,0.12
145482,0.08
145484,0.07
145502,0.16
145512,0.14
145515,0.05
145521,0.17
145523,0.06
145554,0.14
145557,0.09
145560,0.14
145563,0.18
145569,0.06
145586,0.23
145601,0.09
145602,0.15
145615,0.15
145623,0.11
145638,0.1
145640,0.07
145645,0.14
145654,0.11
145664,0.19
145677,0.06
145679,0.06
145681,0.11
145698,0.17
145709,0.11
145713,0.11
145720,0.2
145780,0.07
145781,0.15
145798,0.15
145811,0.21
145819,0.16
145833,0.13
145834,0.1
145835,0.12
145844,0.14
145862,0.11
145869,0.15
145871,0.05
145872,0.09
145874,0.31
145888,0.12
145891,0.19
145907,0.11
145908,0.23
145919,0.18
145925,0.11
145940,0.13
145941,0.13
145943,0.14
145951,0.11
145954,0.02
145957,0.08
145962,0.21
145974,0.08
145976,0.15
145987,0.13
145988,0.3
145989,0.09
145990,0.14
145991,0.22
145993,0.16
146000,0.26
146001,0.07
146006,0.12
146011,0.08
146014,0.13
146020,0.1
146021,0.09
146022,0.14
146026,0.13
146028,0.13
146032,0.12
146033,0.19
146037,0.21
146059,0.05
146060,0.19
146063,0.11
146069,0.13
146086,0.13
146090,0.33
146092,0.07
146094,0.19
146097,0.11
146098,0.23
146106,0.1
146115,0.09
146121,0.12
146122,0.1
146140,0.13
146142,0.06
146146,0.13
146149,0.12
146153,0.16
146155,0.14
146156,0.11
146159,0.22
146172,0.19
146176,0.13
146184,0.12
146186,0.1
146191,0.16
146198,0.09
146199,0.05
146202,0.17
146206,0.1
146214,0.09
146221,0.09
146232,0.08
146239,0.15
146246,0.22
146247,0.1
146252,0.12
146255,0.12
146256,0.06
146262,0.24
146277,0.18
146292,0.13
146303,0.07
146305,0.21
146313,0.14
146317,0.18
146330,0.13
146344,0.18
146345,0.16
146347,0.16
146356,0.07
146369,0.08
146384,0.15
146385,0.08
146386,0.1
146388,0.08
146404,0.14
146409,0.31
146413,0.1
146421,0.16
146428,0.13
146451,0.31
146458,0.06
146466,0.11
146476,0.11
146485,0.05
146486,0.13
146487,0.12
146500,0.04
146502,0.1
146512,0.31
146514,0.07
146515,0.2
146516,0.14
146533,0.14
146535,0.1
146541,0.17
146557,0.1
146562,0.17
146565,0.11
146570,0.12
146571,0.11
146574,0.17
146587,0.15
146591,0.09
146597,0.18
146600,0.18
146614,0.37
146621,0.15
146623,0.22
146631,0.14
146644,0.12
146649,0.07
146651,0.08
146652,0.12
146663,0.12
146680,0.11
146683,0.16
146714,0.21
146724,0.1
146730,0.09
146732,0.24
146738,0.18
146752,0.12
146755,0.16
146756,0.09
146759,0.18
146760,0.17
146761,0.17
146765,0.18
146806,0.11
146809,0.16
146810,0.14
146811,0.11
146815,0.11
146820,0.23
146821,0.17
146824,0.14
146829,0.15
146842,0.24
146864,0.15
146891,0.18
146918,0.17
146955,0.11
146957,0.21
146972,0.13
146973,0.1
146979,0.16
146982,0.05
146984,0.13
146997,0.22
147001,0.07
147008,0.18
147014,0.04
147022,0.1
147038,0.11
147048,0.09
147060,0.13
147061,0.12
147077,0.1
147082,0.15
147083,0.16
147085,0.24
147086,0.18
147099,0.18
147127,0.08
147128,0.16
147133,0.04
147138,0.06
147139,0.05
147150,0.1
147155,0.16
147171,0.15
147172,0.1
147182,0.09
147195,0.11
147199,0.15
147216,0.11
147224,0.04
147225,0.06
147230,0.1
147240,0.12
147250,0.12
147253,0.09
147254,0.27
147264,0.08
147294,0.26
147308,0.06
147309,0.17
147315,0.24
147319,0.06
147329,0.05
147340,0.06
147345,0.38
147353,0.06
147354,0.22
147364,0.13
147366,0.13
147373,0.02
147382,0.08
147383,0.18
147390,0.06
147408,0.12
147411,0.16
147415,0.13
147416,0.26
147425,0.12
147427,0.09
147438,0.22
147439,0.13
147457,0.09
147459,0.07
147463,0.11
147469,0.12
147476,0.13
147483,0.07
147497,0.11
147502,0.25
147515,0.18
147523,0.17
147527,0.15
147541,0.15
147551,0.1
147552,0.12
147561,0.07
147571,0.17
147587,0.1
147657,0.05
147659,0.06
147670,0.13
147695,0.13
147696,0.08
147702,0.29
147710,0.33
147711,0.05
147712,0.19
147713,0.2
147720,0.15
147722,0.2
147742,0.06
147750,0.11
147761,0.15
147764,0.12
147770,0.1
147771,0.15
147774,0.24
147786,0.13
147787,0.27
147791,0.1
147792,0.15
147793,0.18
147794,0.12
147801,0.28
147824,0.07
147826,0.14
147840,0.09
147847,0.11
147862,0.18
147865,0.15
147882,0.17
147893,0.3
147925,0.14
147932,0.2
147942,0.08
147953,0.09
147955,0.23
147964,0.33
147966,0.29
147981,0.14
147982,0.21
147990,0.13
147998,0.26
148002,0.21
148013,0.18
148025,0.26
148026,0.14
148031,0.12
148035,0.09
148042,0.2
148047,0.09
148050,0.14
148063,0.12
148065,0.25
148069,0.23
148070,0.12
148075,0.16
148076,0.08
148087,0.1
148091,0.2
148102,0.06
148107,0.14
148108,0.18
148113,0.2
148131,0.15
148141,0.15
148149,0.15
148150,0.29
148163,0.15
148175,0.11
148185,0.19
148187,0.11
148198,0.3
148204,0.27
148205,0.05
148212,0.17
148216,0.36
148217,0.12
148223,0.13
148224,0.14
148235,0.15
148255,0.17
148276,0.11
148285,0.15
148289,0.06
148292,0.14
148294,0.13
148314,0.13
148319,0.01
148320,0.2
148322,0.13
148323,0.14
148325,0.07
148333,0.12
148339,0.08
148359,0.04
148361,0.18
148364,0.1
148380,0.11
148382,0.1
148386,0.19
148393,0.16
148394,0.17
148404,0.04
148419,0.15
148423,0.18
148437,0.27
148440,0.11
148448,0.11
148449,0.14
148450,0.1
148451,0.09
148458,0.27
148471,0.15
148475,0.09
148476,0.15
148497,0.21
148511,0.17
148512,0.1
148534,0.09
148545,0.18
148557,0.13
148564,0.11
148570,0.14
148586,0.13
148596,0.18
148600,0.14
148607,0.06
148609,0.14
148622,0.12
148623,0.08
148625,0.21
148626,0.1
148628,0.07
148632,0.13
148639,0.15
148643,0.16
148644,0.14
148680,0.09
148702,0.33
148716,0.09
148717,0.09
148726,0.24
148738,0.25
148746,0.12
148749,0.15
148750,0.06
148769,0.12
148791,0.08
148803,0.14
148804,0.14
148823,0.13
148831,0.1
148849,0.08
148850,0.1
148855,0.12
148893,0.14
148896,0.1
148899,0.07
148903,0.16
148910,0.13
148911,0.16
148912,0.25
148913,0.14
148933,0.29
148935,0.15
148937,0.12
148946,0.28
148955,0.2
148980,0.16
148996,0.14
149015,0.2
149025,0.17
149028,0.19
149029,0.08
149035,0.1
149050,0.09
149051,0.16
149052,0.13
149056,0.11
149062,0.1
149067,0.13
149076,0.23
149090,0.3
149106,0.26
149107,0.13
149118,0.31
149119,0.12
149130,0.13
149154,0.08
149157,0.06
149158,0.1
149160,0.19
149163,0.16
149164,0.14
149165,0.13
149166,0.19
149214,0.21
149231,0.25
149236,0.08
149237,0.17
149246,0.1
149247,0.07
149253,0.11
149254,0.14
149265,0.13
149266,0.08
149277,0.21
149283,0.15
149289,0.21
149310,0.17
149314,0.18
149318,0.13
149319,0.09
149320,0.14
149321,0.16
149333,0.12
149337,0.18
149338,0.11
149341,0.11
149342,0.08
149349,0.08
149351,0.24
149354,0.08
149360,0.12
149362,0.15
149366,0.13
149372,0.18
149376,0.12
149388,0.14
149393,0.13
149401,0.11
149405,0.15
149412,0.17
149415,0.18
149416,0.07
149430,0.25
149435,0.18
149436,0.13
149444,0.26
149456,0.04
149471,0.06
149480,0.1
149481,0.09
149490,0.07
149491,0.07
149503,0.1
149512,0.19
149524,0.1
149525,0.08
149532,0.16
149533,0.19
149536,0.4
149540,0.2
149548,0.1
149563,0.12
149568,0.09
149569,0.12
149570,0.23
149582,0.13
149584,0.08
149587,0.18
149592,0.15
149596,0.18
149599,0.06
149612,0.22
149643,0.15
149648,0.27
149665,0.07
149666,0.18
149671,0.07
149675,0.09
149676,0.16
149677,0.07
149680,0.22
149711,0.02
149723,0.08
149726,0.14
149727,0.07
149730,0.04
149733,0.14
149734,0.25
149736,0.25
149750,0.08
149752,0.14
149767,0.19
149791,0.05
149793,0.08
149810,0.14
149850,0.11
149857,0.07
149858,0.06
149860,0.27
149882,0.07
149889,0.06
149890,0.18
149918,0.12
149919,0.19
149927,0.14
149928,0.1
149940,0.21
149944,0.14
149947,0.12
149951,0.22
149956,0.21
149958,0.29
149969,0.12
149988,0.07
149996,0.17
150007,0.15
150018,0.05
150025,0.15
150054,0.11
150064,0.15
150070,0.08
150074,0.11
150078,0.04
150084,0.12
150106,0.13
150111,0.4
150115,0.11
150117,0.21
150120,0.05
150127,0.21
150128,0.19
150130,0.1
150132,0.16
150135,0.04
150145,0.1
150148,0.12
150153,0.2
150154,0.1
150173,0.11
150174,0.32
150176,0.14
150177,0.16
150178,0.13
150179,0.23
150187,0.11
150207,0.06
150223,0.12
150224,0.09
150229,0.1
150233,0.1
150245,0.2
150252,0.07
150257,0.17
150258,0.12
150267,0.11
150268,0.07
150272,0.21
150282,0.15
150289,0.17
150299,0.09
150307,0.18
150310,0.06
150311,0.19
150312,0.17
150313,0.06
150324,0.26
150335,0.14
150343,0.13
150354,0.13
150363,0.12
150365,0.13
150377,0.09
150381,0.16
150382,0.1
150414,0.13
150418,0.17
150431,0.09
150449,0.18
150450,0.13
150473,0.17
150475,0.09
150476,0.14
150478,0.26
150488,0.26
150499,0.17
150501,0.14
150503,0.12
150518,0.11
150529,0.13
150531,0.11
150532,0.15
150535,0.24
150543,0.28
150545,0.18
150548,0.12
150552,0.1
150558,0.12
150574,0.18
150576,0.24
150577,0.11
150594,0.18
150601,0.09
150604,0.05
150618,0.12
150626,0.13
150627,0.16
150635,0.31
150648,0.11
150649,0.26
150650,0.18
150651,0.15
150652,0.12
150657,0.14
150659,0.1
150666,0.14
150667,0.07
150680,0.08
150698,0.29
150700,0.43
150713,0.06
150715,0.11
150718,0.06
150724,0.18
150731,0.09
150734,0.12
150738,0.03
150744,0.11
150745,0.29
150746,0.13
150749,0.04
150750,0.15
150753,0.1
150759,0.19
150762,0.16
150764,0.08
150782,0.14
150784,0.17
150785,0.16
150786,0.07
150789,0.18
150802,0.07
150809,0.11
150810,0.15
150817,0.18
150820,0.19
150822,0.11
150845,0.14
150846,0.13
150854,0.17
150858,0.24
150866,0.18
150869,0.14
150874,0.08
150887,0.09
150889,0.06
150892,0.1
150896,0.09
150901,0.37
150914,0.2
150918,0.13
150919,0.15
150929,0.16
150935,0.16
150941,0.07
150949,0.07
150950,0.25
150951,0.06
150952,0.13
150980,0.3
150981,0.14
150986,0.36
150987,0.18
151004,0.1
151005,0.15
151010,0.15
151012,0.17
151016,0.08
151021,0.15
151022,0.09
151023,0.27
151024,0.18
151035,0.22
151036,0.09
151039,0.12
151041,0.13
151043,0.2
151052,0.18
151058,0.26
151065,0.2
151066,0.1
151067,0.17
151069,0.09
151070,0.08
151080,0.12
151090,0.15
151092,0.34
151100,0.11
151108,0.15
151113,0.2
151119,0.04
151131,0.07
151145,0.2
151147,0.15
151148,0.09
151149,0.24
151153,0.18
151158,0.13
151167,0.07
151169,0.24
151185,0.08
151186,0.18
151187,0.16
151203,0.17
151206,0.06
151213,0.16
151237,0.08
151254,0.1
151255,0.09
151264,0.2
151266,0.14
151267,0.08
151270,0.06
151286,0.12
151288,0.11
151289,0.22
151290,0.12
151303,0.06
151304,0.13
151308,0.11
151315,0.09
151324,0.23
151329,0.12
151335,0.06
151343,0.1
151347,0.28
151348,0.2
151357,0.09
151366,0.18
151372,0.1
151374,0.07
151394,0.11
151395,0.18
151403,0.17
151410,0.05
151412,0.13
151419,0.13
151443,0.18
151464,0.06
151466,0.24
151467,0.09
151476,0.18
151480,0.18
151481,0.2
151486,0.14
151487,0.06
151490,0.16
151498,0.11
151500,0.13
151504,0.09
151516,0.16
151519,0.17
151528,0.14
151529,0.1
151539,0.18
151540,0.09
151556,0.17
151558,0.09
151559,0.25
151581,0.06
151586,0.19
151589,0.19
151603,0.07
151604,0.07
151610,0.17
151637,0.26
151652,0.22
151654,0.1
151667,0.2
151668,0.32
151669,0.04
151678,0.1
151697,0.16
151706,0.14
151729,0.13
151730,0.09
151737,0.07
151744,0.1
151756,0.15
151785,0.14
151800,0.13
151801,0.13
151821,0.15
151822,0.15
151834,0.16
151845,0.1
151846,0.17
151847,0.09
151848,0.16
151859,0.1
151872,0.19
151875,0.1
151883,0.1
151888,0.08
151895,0.15
151896,0.1
151900,0.06
151913,0.09
151920,0.16
151928,0.05
151933,0.12
151934,0.1
151948,0.14
151951,0.07
151963,0.1
151964,0.05
151965,0.12
151966,0.14
151974,0.12
151975,0.24
151978,0.14
151982,0.2
151993,0.1
152002,0.06
152005,0.07
152017,0.1
152020,0.2
152039,0.25
152047,0.16
152064,0.11
152071,0.18
152076,0.13
152088,0.11
152091,0.14
152093,0.08
152100,0.25
152107,0.23
152115,0.12
152119,0.1
152123,0.12
152129,0.13
152140,0.3
152141,0.1
152142,0.12
152148,0.11
152170,0.11
152171,0.08
152176,0.03
152186,0.12
152192,0.17
152204,0.13
152215,0.15
152220,0.2
152230,0.12
152256,0.14
152265,0.1
152266,0.21
152268,0.03
152272,0.18
152286,0.08
152299,0.14
152305,0.12
152324,0.05
152329,0.19
152355,0.08
152356,0.1
152365,0.21
152369,0.18
152373,0.12
152374,0.17
152383,0.12
152395,0.18
152403,0.18
152404,0.09
152406,0.12
152425,0.14
152437,0.19
152438,0.14
152442,0.17
152460,0.13
152461,0.09
152462,0.16
152472,0.19
152473,0.16
152477,0.1
152506,0.11
152522,0.08
152530,0.13
152535,0.16
152543,0.13
152548,0.15
152556,0.19
152562,0.24
152563,0.19
152565,0.17
152591,0.12
152593,0.1
152612,0.12
152619,0.13
152627,0.16
152628,0.1
152632,0.12
152638,0.14
152646,0.18
152662,0.22
152679,0.13
152680,0.11
152699,0.15
152703,0.11
152717,0.2
152720,0.17
152721,0.11
152735,0.09
152736,0.04
152739,0.26
152755,0.11
152769,0.07
152785,0.13
152788,0.12
152791,0.09
152808,0.07
152815,0.1
152816,0.16
152817,0.09
152818,0.16
152819,0.23
152820,0.11
152823,0.09
152831,0.09
152832,0.11
152833,0.14
152835,0.16
152838,0.14
152846,0.06
152862,0.22
152864,0.07
152865,0.12
152871,0.05
152874,0.02
152875,0.11
152876,0.2
152877,0.19
152881,0.22
152892,0.06
152908,0.22
152909,0.09
152915,0.09
152916,0.26
152923,0.1
152932,0.08
152934,0.07
152936,0.16
152948,0.07
152951,0.17
152956,0.21
152963,0.13
152964,0.38
152978,0.22
152980,0.16
152986,0.33
153001,0.19
153002,0.1
153007,0.13
153009,0.08
153017,0.13
153018,0.2
153022,0.16
153027,0.27
153032,0.11
153033,0.19
153034,0.06
153037,0.18
153051,0.46
153052,0.14
153057,0.1
153067,0.18
153084,0.19
153088,0.14
153089,0.13
153093,0.13
153094,0.14
153095,0.2
153105,0.18
153108,0.11
153110,0.14
153119,0.18
153135,0.09
153139,0.08
153146,0.15
153154,0.17
153185,0.11
153195,0.22
153196,0.09
153198,0.13
153202,0.14
153203,0.12
153209,0.15
153223,0.14
153224,0.15
153227,0.05
153230,0.12
153233,0.11
153234,0.06
153235,0.33
153243,0.19
153263,0.21
153269,0.14
153272,0.07
153276,0.27
153279,0.12
153291,0.22
153311,0.13
153328,0.22
153330,0.18
153341,0.13
153345,0.1
153393,0.1
153394,0.12
153395,0.12
153420,0.3
153428,0.17
153432,0.12
153449,0.13
153458,0.28
153459,0.06
153472,0.11
153475,0.06
153479,0.13
153480,0.14
153490,0.06
153491,0.14
153501,0.1
153502,0.08
153507,0.16
153513,0.1
153514,0.15
153519,0.16
153520,0.05
153556,0.07
153577,0.11
153582,0.26
153594,0.23
153595,0.18
153598,0.17
153601,0.08
153625,0.09
153641,0.09
153654,0.07
153676,0.19
153681,0.1
153704,0.15
153706,0.17
153710,0.17
153720,0.17
153734,0.07
153738,0.11
153743,0.1
153748,0.11
153756,0.25
153757,0.09
153759,0.1
153764,0.28
153782,0.17
153796,0.19
153802,0.26
153809,0.25
153810,0.1
153817,0.3
153821,0.1
153823,0.11
153830,0.07
153834,0.08
153839,0.07
153842,0.17
153847,0.31
153855,0.12
153873,0.1
153875,0.18
153882,0.29
153884,0.09
153885,0.29
153886,0.11
153890,0.06
153892,0.1
153897,0.15
153898,0.15
153901,0.15
153924,0.13
153928,0.13
153929,0.17
153949,0.09
153979,0.19
153980,0.07
153981,0.17
154010,0.18
154015,0.1
154039,0.17
154043,0.1
154044,0.11
154046,0.1
154047,0.06
154058,0.05
154060,0.1
154065,0.24
154083,0.1
154100,0.2
154108,0.16
154120,0.15
154121,0.11
154122,0.07
154128,0.15
154137,0.1
154143,0.09
154151,0.16
154158,0.06
154176,0.07
154184,0.16
154191,0.12
154215,0.22
154216,0.14
154220,0.08
154222,0.11
154227,0.13
154241,0.08
154243,0.13
154244,0.25
154254,0.15
154264,0.07
154265,0.14
154268,0.14
154269,0.1
154299,0.09
154307,0.14
154315,0.22
154325,0.13
154327,0.04
154332,0.27
154346,0.08
154347,0.13
154353,0.22
154369,0.16
154376,0.1
154377,0.19
154379,0.12
154389,0.12
154402,0.12
154403,0.11
154416,0.09
154428,0.27
154430,0.07
154442,0.35
154447,0.26
154468,0.13
154470,0.05
154473,0.18
154480,0.14
154486,0.12
154500,0.08
154507,0.17
154529,0.07
154549,0.09
154557,0.04
154571,0.21
154578,0.07
154580,0.08
154591,0.12
154611,0.24
154623,0.05
154650,0.2
154655,0.22
154659,0.2
154680,0.25
154681,0.11
154690,0.14
154711,0.1
154712,0.13
154722,0.1
154731,0.13
154747,0.18
154749,0.06
154750,0.12
154760,0.19
154763,0.13
154786,0.17
154788,0.18
154792,0.12
154807,0.16
154812,0.09
154818,0.18
154819,0.14
154824,0.17
154839,0.2
154840,0.11
154843,0.06
154847,0.14
154849,0.2
154850,0.05
154851,0.18
154853,0.04
154858,0.15
154868,0.35
154871,0.1
154877,0.13
154916,0.08
154920,0.12
154922,0.28
154924,0.09
154933,0.14
154942,0.24
154955,0.06
154957,0.15
154966,0.1
154971,0.12
154972,0.15
154973,0.07
154974,0.12
154979,0.05
154982,0.16
154990,0.32
154991,0.16
154994,0.12
154995,0.1
155009,0.18
155014,0.06
155017,0.09
155018,0.15
155019,0.1
155020,0.14
155027,0.24
155034,0.19
155047,0.09
155049,0.27
155052,0.08
155053,0.1
155059,0.13
155060,0.2
155069,0.12
155077,0.21
155078,0.15
155086,0.15
155088,0.09
155094,0.04
155099,0.08
155100,0.16
155116,0.09
155117,0.14
155119,0.12
155120,0.08
155133,0.16
155135,0.27
155141,0.17
155144,0.07
155145,0.16
155174,0.06
155194,0.15
155196,0.05
155204,0.17
155232,0.21
155240,0.22
155246,0.12
155254,0.18
155267,0.08
155273,0.08
155274,0.14
155283,0.09
155296,0.29
155312,0.07
155318,0.09
155322,0.16
155323,0.1
155329,0.11
155342,0.14
155346,0.26
155366,0.16
155369,0.22
155372,0.27
155378,0.12
155382,0.11
155390,0.1
155401,0.2
155428,0.09
155443,0.09
155445,0.13
155450,0.15
155452,0.07
155453,0.08
155480,0.21
155482,0.11
155484,0.18
155485,0.23
155496,0.25
155497,0.13
155531,0.09
155541,0.08
155547,0.22
155550,0.26
155551,0.06
155565,0.2
155567,0.1
155569,0.16
155573,0.21
155575,0.16
155581,0.11
155591,0.2
155593,0.14
155594,0.11
155610,0.24
155623,0.13
155624,0.25
155629,0.09
155638,0.15
155650,0.16
155652,0.1
155687,0.27
155697,0.13
155715,0.25
155718,0.06
155719,0.07
155723,0.25
155730,0.19
155731,0.19
155737,0.22
155738,0.1
155740,0.16
155742,0.1
155755,0.11
155766,0.1
155768,0.05
155771,0.17
155803,0.1
155808,0.09
155809,0.12
155812,0.04
155820,0.18
155832,0.17
155841,0.1
155847,0.2
155848,0.14
155855,0.24
155886,0.15
155893,0.1
155905,0.1
155910,0.11
155912,0.05
155919,0.3
155921,0.1
155937,0.19
155939,0.14
155950,0.09
155987,0.21
155988,0.13
156005,0.11
156006,0.12
156010,0.12
156018,0.12
156021,0.28
156026,0.09
156030,0.08
156033,0.12
156038,0.15
156041,0.19
156049,0.17
156050,0.13
156068,0.07
156069,0.24
156087,0.06
156088,0.12
156095,0.12
156104,0.14
156107,0.16
156108,0.1
156111,0.18
156119,0.08
156123,0.15
156140,0.27
156149,0.09
156161,0.06
156180,0.21
156186,0.17
156189,0.19
156194,0.09
156200,0.14
156213,0.43
156214,0.14
156228,0.05
156234,0.14
156236,0.13
156243,0.11
156256,0.09
156268,0.1
156269,0.08
156270,0.11
156274,0.21
156290,0.12
156291,0.1
156292,0.1
156298,0.05
156301,0.14
156302,0.15
156309,0.12
156355,0.05
156365,0.14
156367,0.14
156372,0.08
156376,0.08
156377,0.16
156389,0.13
156400,0.16
156404,0.19
156405,0.14
156426,0.09
156427,0.17
156429,0.18
156430,0.09
156431,0.06
156432,0.19
156449,0.06
156463,0.11
156464,0.09
156478,0.08
156492,0.27
156508,0.15
156509,0.15
156517,0.11
156526,0.13
156527,0.1
156538,0.12
156542,0.09
156543,0.15
156555,0.12
156556,0.08
156561,0.17
156563,0.04
156564,0.08
156567,0.12
156570,0.07
156581,0.12
156594,0.09
156597,0.06
156600,0.17
156601,0.11
156627,0.09
156629,0.15
156642,0.12
156644,0.11
156663,0.09
156674,0.07
156688,0.11
156696,0.12
156707,0.11
156723,0.06
156728,0.23
156731,0.09
156732,0.12
156733,0.19
156768,0.18
156773,0.12
156782,0.22
156815,0.17
156837,0.06
156854,0.19
156861,0.17
156862,0.11
156878,0.29
156903,0.13
156910,0.1
156925,0.19
156933,0.15
156952,0.19
156953,0.12
156963,0.33
156965,0.29
156989,0.15
156994,0.12
156996,0.16
157005,0.15
157011,0.07
157046,0.21
157058,0.08
157061,0.12
157065,0.12
157066,0.13
157067,0.19
157090,0.12
157091,0.12
157096,0.06
157101,0.36
157104,0.14
157109,0.05
157116,0.12
157120,0.19
157121,0.2
157124,0.14
157125,0.11
157132,0.14
157153,0.24
157157,0.23
157159,0.21
157168,0.13
157189,0.12
157195,0.12
157203,0.07
157210,0.25
157212,0.18
157220,0.08
157239,0.2
157241,0.07
157246,0.14
157247,0.32
157252,0.08
157253,0.41
157265,0.18
157291,0.12
157292,0.06
157301,0.1
157306,0.24
157312,0.2
157314,0.13
157332,0.14
157333,0.22
157337,0.18
157345,0.27
157347,0.18
157363,0.25
157376,0.07
157382,0.13
157397,0.08
157409,0.09
157411,0.06
157422,0.11
157428,0.23
157434,0.21
157442,0.16
157446,0.12
157456,0.16
157465,0.16
157469,0.14
157482,0.04
157497,0.08
157507,0.06
157510,0.13
157515,0.09
157529,0.17
157530,0.19
157541,0.21
157546,0.26
157553,0.19
157554,0.12
157562,0.24
157565,0.21
157566,0.14
157571,0.1
157572,0.07
157574,0.05
157575,0.13
157581,0.33
157590,0.2
157604,0.04
157611,0.13
157617,0.23
157620,0.22
157623,0.23
157651,0.22
157653,0.11
157664,0.25
157690,0.12
157704,0.2
157712,0.16
157722,0.19
157727,0.13
157764,0.11
157765,0.22
157775,0.08
157777,0.12
157789,0.22
157802,0.28
157803,0.11
157804,0.15
157805,0.2
157822,0.1
157823,0.07
157827,0.16
157836,0.14
157839,0.23
157847,0.08
157859,0.11
157864,0.13
157866,0.27
157877,0.25
157886,0.16
157892,0.17
157903,0.11
157913,0.13
157919,0.05
157920,0.08
157923,0.14
157926,0.08
157927,0.18
157948,0.1
157949,0.13
157952,0.15
157955,0.17
157958,0.19
157960,0.12
157966,0.06
157970,0.1
157979,0.17
157980,0.21
157985,0.07
157997,0.3
157998,0.24
158002,0.13
158004,0.13
158005,0.09
158007,0.16
158008,0.06
158015,0.1
158033,0.23
158036,0.17
158041,0.05
158044,0.17
158049,0.11
158061,0.19
158078,0.1
158099,0.08
158100,0.16
158102,0.18
158107,0.13
158114,0.12
158127,0.26
158128,0.25
158142,0.17
158145,0.23
158146,0.09
158167,0.07
158176,0.09
158184,0.1
158197,0.13
158201,0.14
158202,0.12
158205,0.11
158208,0.15
158211,0.09
158215,0.1
158218,0.11
158221,0.28
158223,0.13
158230,0.06
158234,0.04
158235,0.13
158245,0.12
158254,0.18
158267,0.13
158277,0.1
158283,0.09
158289,0.24
158290,0.11
158298,0.15
158307,0.14
158332,0.1
158336,0.09
158342,0.11
158344,0.12
158347,0.29
158352,0.03
158354,0.14
158355,0.07
158357,0.07
158365,0.12
158366,0.15
158367,0.12
158368,0.29
158384,0.22
158388,0.19
158395,0.15
158413,0.06
158425,0.17
158426,0.05
158432,0.08
158444,0.24
158453,0.09
158454,0.07
158459,0.07
158462,0.14
158468,0.15
158469,0.12
158470,0.07
158483,0.09
158485,0.11
158490,0.19
158494,0.08
158500,0.05
158503,0.08
158504,0.06
158519,0.18
158523,0.09
158527,0.06
158533,0.17
158535,0.13
158539,0.26
158544,0.22
158547,0.13
158551,0.2
158552,0.03
158560,0.04
158616,0.28
158638,0.09
158642,0.03
158651,0.12
158653,0.15
158677,0.06
158683,0.12
158687,0.16
158693,0.1
158700,0.1
158703,0.08
158705,0.22
158706,0.07
158708,0.14
158712,0.14
158714,0.25
158715,0.06
158752,0.08
158753,0.12
158763,0.05
158764,0.22
158767,0.31
158770,0.07
158781,0.12
158789,0.11
158790,0.07
158791,0.17
158795,0.19
158796,0.07
158800,0.11
158806,0.11
158807,0.25
158815,0.2
158824,0.04
158828,0.26
158831,0.28
158840,0.16
158841,0.15
158847,0.16
158856,0.08
158858,0.19
158884,0.06
158885,0.09
158891,0.23
158898,0.11
158911,0.2
158913,0.08
158918,0.09
158926,0.14
158929,0.1
158939,0.13
158940,0.13
158952,0.14
158963,0.12
158973,0.15
158977,0.14
158988,0.14
159013,0.18
159016,0.1
159018,0.06
159024,0.25
159034,0.09
159035,0.13
159039,0.23
159049,0.16
159056,0.11
159068,0.17
159078,0.18
159099,0.14
159103,0.1
159106,0.25
159113,0.13
159117,0.12
159124,0.29
159132,0.16
159139,0.16
159142,0.12
159145,0.18
159147,0.09
159174,0.12
159201,0.16
159203,0.11
159212,0.3
159214,0.19
159221,0.14
159240,0.1
159241,0.07
159242,0.13
159244,0.07
159250,0.23
159275,0.05
159284,0.17
159293,0.16
159295,0.07
159301,0.12
159310,0.13
159314,0.08
159318,0.09
159333,0.11
159334,0.14
159335,0.11
159337,0.31
159338,0.13
159340,0.19
159361,0.11
159384,0.14
159402,0.18
159421,0.07
159424,0.12
159425,0.12
159426,0.07
159439,0.09
159445,0.13
159449,0.09
159460,0.26
159475,0.26
159481,0.12
159483,0.2
159494,0.17
159504,0.07
159512,0.2
159522,0.23
159524,0.28
159526,0.09
159528,0.14
159547,0.2
159555,0.08
159562,0.14
159563,0.07
159565,0.32
159569,0.14
159578,0.1
159579,0.2
159581,0.14
159594,0.13
159598,0.1
159604,0.09
159605,0.16
159620,0.2
159631,0.11
159633,0.14
159659,0.18
159661,0.37
159667,0.12
159669,0.1
159682,0.17
159683,0.15
159693,0.17
159698,0.08
159702,0.25
159703,0.06
159707,0.08
159716,0.19
159732,0.12
159734,0.08
159740,0.17
159748,0.14
159751,0.12
159756,0.14
159758,0.26
159767,0.16
159769,0.27
159775,0.19
159802,0.11
159804,0.12
159817,0.15
159818,0.08
159824,0.13
159837,0.1
159840,0.15
159842,0.24
159851,0.14
159865,0.25
159866,0.14
159872,0.17
159874,0.14
159879,0.13
159883,0.06
159884,0.12
159898,0.29
159903,0.11
159906,0.21
159914,0.19
159915,0.19
159917,0.12
159929,0.16
159949,0.1
159951,0.15
159953,0.09
159957,0.11
159968,0.1
159972,0.04
159973,0.12
159993,0.12
160008,0.19
160011,0.09
160013,0.1
160015,0.12
160017,0.12
160023,0.1
160028,0.2
160035,0.13
160074,0.1
160076,0.13
160077,0.16
160080,0.12
160084,0.28
160089,0.22
160094,0.17
160101,0.08
160103,0.16
160111,0.09
160114,0.14
160116,0.1
160119,0.09
160123,0.14
160141,0.1
160147,0.11
160151,0.12
160172,0.26
160173,0.08
160177,0.15
160178,0.09
160180,0.12
160181,0.17
160188,0.12
160189,0.08
160193,0.08
160205,0.13
160214,0.2
160215,0.15
160217,0.24
160262,0.06
160263,0.08
160273,0.13
160282,0.24
160295,0.14
160297,0.14
160303,0.09
160305,0.13
160309,0.16
160324,0.12
160338,0.13
160366,0.14
160375,0.12
160381,0.08
160398,0.15
160400,0.1
160406,0.15
160410,0.08
160411,0.09
160418,0.06
160440,0.11
160441,0.11
160450,0.31
160465,0.17
160470,0.09
160471,0.17
160472,0.3
160479,0.12
160490,0.11
160500,0.11
160503,0.08
160504,0.11
160515,0.12
160541,0.2
160545,0.2
160562,0.15
160589,0.12
160594,0.05
160595,0.09
160598,0.13
160601,0.05
160605,0.15
160606,0.07
160607,0.09
160608,0.26
160610,0.13
160614,0.13
160615,0.08
160626,0.11
160634,0.05
160656,0.11
160660,0.1
160666,0.16
160672,0.12
160673,0.08
160674,0.09
160681,0.12
160683,0.17
160694,0.1
160710,0.13
160715,0.19
160719,0.12
160732,0.1
160734,0.12
160737,0.3
160742,0.1
160747,0.07
160749,0.19
160753,0.15
160756,0.12
160757,0.12
160763,0.11
160782,0.07
160789,0.08
160804,0.2
160805,0.1
160813,0.15
160815,0.05
160819,0.08
160820,0.22
160822,0.08
160823,0.14
160837,0.14
160841,0.06
160847,0.14
160861,0.12
160886,0.08
160891,0.1
160897,0.1
160914,0.28
160915,0.28
160929,0.14
160930,0.08
160931,0.16
160935,0.22
160939,0.17
160953,0.08
160954,0.17
160962,0.14
160966,0.07
160982,0.1
160983,0.06
160991,0.14
160998,0.09
161009,0.35
161014,0.03
161017,0.19
161021,0.03
161023,0.08
161027,0.15
161028,0.26
161030,0.34
161031,0.08
161033,0.11
161050,0.16
161053,0.21
161054,0.18
161055,0.13
161059,0.08
161061,0.21
161065,0.12
161069,0.04
161072,0.11
161073,0.07
161080,0.07
161083,0.07
161104,0.07
161111,0.16
161139,0.2
161149,0.12
161158,0.22
161171,0.09
161175,0.15
161201,0.19
161202,0.24
161205,0.17
161228,0.12
161233,0.11
161234,0.13
161237,0.06
161238,0.15
161250,0.35
161251,0.11
161253,0.15
161254,0.13
161283,0.25
161291,0.07
161297,0.18
161300,0.16
161314,0.15
161315,0.12
161336,0.17
161341,0.24
161343,0.13
161351,0.18
161352,0.19
161353,0.1
161361,0.16
161366,0.19
161368,0.13
161378,0.06
161379,0.21
161380,0.22
161398,0.16
161408,0.1
161432,0.1
161439,0.22
161461,0.13
161467,0.28
161468,0.22
161471,0.14
161477,0.17
161503,0.12
161514,0.08
161524,0.21
161527,0.13
161528,0.09
161531,0.24
161536,0.13
161537,0.05
161548,0.21
161558,0.13
161572,0.11
161586,0.12
161605,0.11
161606,0.11
161607,0.21
161618,0.09
161640,0.12
161658,0.09
161660,0.13
161661,0.15
161662,0.31
161677,0.19
161681,0.12
161682,0.12
161683,0.27
161685,0.05
161686,0.07
161687,0.16
161691,0.07
161701,0.18
161707,0.08
161709,0.15
161710,0.09
161711,0.09
161714,0.11
161742,0.17
161751,0.08
161764,0.11
161771,0.3
161781,0.2
161782,0.2
161800,0.09
161810,0.18
161812,0.11
161813,0.09
161816,0.07
161838,0.17
161841,0.15
161845,0.06
161871,0.14
161877,0.24
161882,0.07
161885,0.12
161886,0.13
161895,0.15
161897,0.2
161914,0.17
161921,0.16
161922,0.11
161927,0.37
161946,0.07
161952,0.11
161954,0.13
161955,0.13
161961,0.19
161977,0.15
161980,0.16
161989,0.21
161993,0.46
162002,0.15
162011,0.13
162012,0.06
162015,0.06
162016,0.08
162019,0.11
162021,0.13
162022,0.33
162023,0.23
162025,0.14
162028,0.07
162029,0.16
162030,0.08
162031,0.2
162033,0.17
162037,0.11
162044,0.14
162071,0.19
162093,0.14
162094,0.12
162100,0.13
162102,0.11
162105,0.1
162109,0.15
162116,0.18
162117,0.09
162118,0.26
162120,0.14
162125,0.12
162128,0.22
162131,0.25
162133,0.27
162135,0.17
162156,0.12
162157,0.07
162165,0.13
162166,0.12
162170,0.16
162201,0.12
162202,0.06
162206,0.05
162211,0.05
162227,0.06
162232,0.08
162235,0.23
162237,0.17
162248,0.1
162261,0.14
162262,0.13
162280,0.07
162282,0.04
162284,0.1
162287,0.16
162305,0.15
162308,0.07
162309,0.17
162312,0.33
162313,0.16
162316,0.13
162324,0.2
162325,0.08
162333,0.08
162334,0.08
162337,0.09
162340,0.17
162344,0.22
162347,0.14
162350,0.22
162351,0.15
162365,0.18
162368,0.18
162379,0.12
162383,0.07
162392,0.08
162393,0.08
162397,0.16
162398,0.17
162406,0.2
162410,0.14
162418,0.1
162420,0.14
162424,0.15
162425,0.08
162438,0.13
162442,0.08
162462,0.09
162476,0.08
162477,0.13
162480,0.12
162491,0.14
162493,0.08
162503,0.13
162504,0.12
162513,0.11
162516,0.35
162517,0.16
162522,0.2
162523,0.07
162542,0.09
162584,0.28
162586,0.08
162589,0.14
162594,0.13
162616,0.17
162630,0.12
162637,0.13
162652,0.13
162659,0.29
162668,0.07
162674,0.1
162680,0.15
162685,0.27
162689,0.2
162711,0.08
162714,0.15
162732,0.13
162741,0.08
162758,0.11
162759,0.12
162775,0.15
162776,0.14
162777,0.09
162782,0.07
162786,0.08
162794,0.08
162799,0.17
162801,0.22
162802,0.25
162807,0.15
162820,0.06
162827,0.11
162833,0.12
162837,0.17
162844,0.17
162860,0.1
162862,0.19
162864,0.19
162868,0.15
162880,0.1
162895,0.23
162898,0.18
162918,0.23
162924,0.12
162931,0.22
162936,0.18
162978,0.2
162979,0.16
162988,0.13
162989,0.22
163013,0.31
163014,0.12
163021,0.17
163024,0.1
163027,0.17
163030,0.07
163031,0.06
163032,0.04
163039,0.12
163042,0.05
163048,0.13
163049,0.05
163068,0.11
163071,0.18
163074,0.13
163079,0.08
163080,0.12
163085,0.14
163093,0.08
163094,0.18
163109,0.15
163116,0.07
163117,0.23
163118,0.11
163119,0.32
163121,0.15
163131,0.11
163132,0.12
163133,0.18
163182,0.18
163187,0.15
163188,0.22
163195,0.16
163197,0.11
163200,0.05
163206,0.13
163207,0.03
163214,0.17
163222,0.09
163224,0.11
163226,0.14
163235,0.25
163240,0.16
163258,0.21
163263,0.17
163264,0.26
163265,0.1
163266,0.13
163268,0.18
163272,0.04
163273,0.15
163278,0.23
163288,0.06
163299,0.22
163302,0.13
163307,0.12
163321,0.14
163349,0.11
163352,0.11
163353,0.24
163357,0.16
163362,0.12
163375,0.1
163385,0.12
163386,0.15
163390,0.11
163408,0.18
163423,0.08
163426,0.22
163437,0.25
163452,0.09
163472,0.14
163473,0.17
163479,0.09
163480,0.12
163487,0.14
163492,0.14
163493,0.11
163523,0.14
163524,0.14
163527,0.15
163528,0.1
163531,0.09
163538,0.14
163556,0.1
163563,0.22
163566,0.16
163570,0.1
163571,0.06
163574,0.09
163578,0.12
163580,0.19
163597,0.24
163601,0.23
163604,0.1
163609,0.1
163618,0.15
163634,0.24
163647,0.24
163660,0.18
163661,0.1
163666,0.13
163667,0.16
163669,0.19
163676,0.06
163681,0.13
163682,0.16
163684,0.2
163714,0.24
163724,0.1
163728,0.1
163729,0.09
163738,0.06
163742,0.16
163743,0.24
163748,0.08
163759,0.15
163782,0.07
163793,0.18
163800,0.12
163801,0.2
163802,0.25
163814,0.11
163820,0.12
163821,0.09
163848,0.07
163852,0.22
163854,0.08
163855,0.27
163882,0.06
163895,0.16
163900,0.26
163907,0.22
163915,0.03
163926,0.08
163929,0.1
163934,0.13
163940,0.07
163943,0.14
163944,0.06
163949,0.17
163951,0.1
163952,0.14
163965,0.16
163970,0.1
163980,0.13
163981,0.12
163988,0.15
163989,0.13
163991,0.15
164015,0.08
164028,0.13
164030,0.14
164031,0.16
164037,0.09
164049,0.08
164052,0.15
164059,0.07
164083,0.1
164095,0.11
164106,0.46
164116,0.12
164117,0.32
164119,0.16
164133,0.22
164134,0.12
164142,0.09
164143,0.08
164147,0.16
164148,0.2
164150,0.35
164152,0.17
164156,0.14
164157,0.09
164158,0.08
164166,0.14
164191,0.07
164194,0.21
164198,0.13
164201,0.01
164202,0.15
164207,0.29
164228,0.09
164240,0.14
164241,0.08
164244,0.07
164256,0.18
164262,0.15
164269,0.18
164276,0.07
164281,0.29
164290,0.13
164300,0.19
164305,0.17
164307,0.1
164308,0.09
164309,0.05
164314,0.11
164319,0.14
164331,0.1
164332,0.03
164343,0.18
164349,0.19
164363,0.09
164373,0.18
164410,0.25
164417,0.18
164436,0.06
164438,0.14
164441,0.15
164445,0.1
164451,0.12
164452,0.04
164502,0.26
164513,0.2
164526,0.2
164527,0.11
164528,0.2
164530,0.09
164537,0.18
164542,0.09
164546,0.17
164555,0.35
164556,0.07
164568,0.1
164571,0.16
164572,0.28
164574,0.16
164580,0.08
164597,0.08
164601,0.1
164619,0.08
164633,0.11
164642,0.06
164652,0.12
164676,0.14
164682,0.12
164685,0.19
164691,0.1
164696,0.13
164708,0.21
164711,0.13
164712,0.11
164717,0.18
164721,0.08
164740,0.11
164746,0.11
164755,0.12
164761,0.07
164764,0.09
164766,0.43
164776,0.27
164777,0.06
164783,0.11
164786,0.01
164799,0.1
164808,0.11
164812,0.08
164815,0.12
164816,0.09
164817,0.22
164818,0.14
164819,0.25
164821,0.2
164822,0.08
164825,0.07
164834,0.09
164841,0.07
164842,0.13
164853,0.14
164855,0.18
164856,0.11
164878,0.09
164883,0.12
164887,0.15
164888,0.14
164889,0.11
164891,0.35
164892,0.07
164922,0.14
164924,0.11
164933,0.13
164938,0.09
164939,0.31
164949,0.1
164950,0.09
164957,0.17
164961,0.18
164963,0.13
164972,0.02
164980,0.1
164981,0.1
165020,0.13
165027,0.18
165046,0.18
165048,0.14
165049,0.19
165058,0.15
165065,0.13
165081,0.06
165082,0.17
165090,0.19
165107,0.16
165131,0.12
165133,0.25
165137,0.11
165140,0.16
165142,0.1
165143,0.2
165152,0.19
165154,0.11
165158,0.12
165166,0.13
165168,0.1
165171,0.1
165175,0.1
165182,0.14
165188,0.17
165190,0.1
165199,0.09
165202,0.2
165203,0.16
165204,0.1
165208,0.16
165221,0.18
165243,0.08
165283,0.12
165300,0.06
165302,0.13
165304,0.11
165313,0.15
165336,0.16
165339,0.21
165363,0.17
165376,0.13
165380,0.27
165385,0.05
165386,0.07
165410,0.1
165422,0.19
165426,0.1
165428,0.16
165445,0.22
165452,0.11
165454,0.08
165455,0.06
165462,0.11
165465,0.11
165466,0.13
165467,0.13
165476,0.12
165477,0.11
165478,0.43
165497,0.06
165500,0.17
165511,0.1
165513,0.19
165515,0.29
165521,0.1
165522,0.14
165523,0.12
165530,0.13
165537,0.09
165538,0.1
165539,0.15
165545,0.08
165550,0.26
165551,0.3
165552,0.18
165557,0.12
165558,0.17
165560,0.04
165574,0.19
165576,0.21
165587,0.22
165601,0.09
165605,0.1
165606,0.04
165607,0.12
165624,0.23
165632,0.12
165633,0.14
165634,0.1
165646,0.09
165649,0.17
165651,0.19
165661,0.12
165666,0.17
165669,0.08
165674,0.06
165685,0.16
165687,0.17
165692,0.21
165721,0.2
165726,0.22
165748,0.15
165749,0.2
165752,0.08
165755,0.09
165758,0.08
165761,0.13
165762,0.16
165780,0.1
165781,0.13
165789,0.19
165802,0.1
165806,0.14
165817,0.2
165822,0.25
165837,0.08
165840,0.2
165846,0.08
165853,0.08
165864,0.18
165865,0.18
165868,0.08
165869,0.09
165871,0.2
165880,0.15
165887,0.21
165904,0.2
165907,0.08
165910,0.24
165915,0.2
165917,0.06
165918,0.17
165919,0.09
165923,0.15
165931,0.12
165932,0.12
165934,0.34
165939,0.17
165944,0.25
165951,0.23
165955,0.1
165959,0.21
165966,0.27
165970,0.11
165975,0.09
165977,0.06
165990,0.25
165997,0.1
166003,0.15
166008,0.07
166020,0.2
166025,0.16
166033,0.12
166038,0.12
166042,0.14
166049,0.09
166071,0.06
166091,0.21
166093,0.25
166095,0.11
166104,0.08
166107,0.16
166108,0.07
166110,0.1
166112,0.24
166135,0.24
166136,0.08
166138,0.25
166153,0.21
166155,0.21
166158,0.22
166164,0.15
166186,0.17
166191,0.16
166196,0.08
166197,0.14
166202,0.16
166215,0.06
166230,0.13
166243,0.12
166244,0.12
166255,0.06
166258,0.09
166263,0.18
166271,0.09
166283,0.16
166286,0.08
166291,0.1
166294,0.14
166303,0.12
166306,0.19
166309,0.11
166316,0.07
166317,0.1
166321,0.26
166331,0.19
166349,0.11
166374,0.11
166387,0.11
166393,0.09
166400,0.14
166420,0.07
166446,0.1
166449,0.08
166452,0.16
166495,0.05
166501,0.05
166514,0.21
166515,0.15
166521,0.12
166525,0.09
166529,0.11
166536,0.18
166542,0.06
166543,0.22
166545,0.09
166550,0.05
166560,0.15
166567,0.06
166570,0.09
166573,0.05
166582,0.22
166583,0.13
166590,0.08
166594,0.19
166618,0.34
166623,0.23
166626,0.08
166641,0.09
166654,0.08
166682,0.23
166685,0.12
166688,0.17
166692,0.09
166701,0.04
166702,0.24
166705,0.12
166713,0.09
166733,0.11
166734,0.12
166738,0.12
166739,0.1
166740,0.08
166755,0.31
166761,0.19
166764,0.11
166773,0.2
166774,0.19
166814,0.12
166819,0.2
166834,0.24
166841,0.24
166848,0.23
166857,0.14
166858,0.14
166873,0.12
166889,0.14
166890,0.1
166891,0.14
166902,0.15
166908,0.14
166916,0.16
166920,0.09
166922,0.15
166926,0.12
166928,0.16
166930,0.15
166931,0.06
166932,0.1
166937,0.09
166941,0.09
166944,0.07
166960,0.15
166972,0.11
166973,0.16
166978,0.09
166984,0.15
166994,0.04
166995,0.06
166996,0.2
167001,0.1
167006,0.16
167007,0.13
167037,0.32
167041,0.12
167051,0.14
167052,0.19
167054,0.07
167057,0.15
167058,0.13
167059,0.1
167060,0.08
167066,0.05
167077,0.15
167078,0.05
167080,0.13
167089,0.16
167090,0.07
167091,0.11
167096,0.16
167105,0.12
167121,0.06
167128,0.08
167131,0.09
167139,0.31
167140,0.2
167149,0.15
167152,0.26
167153,0.2
167163,0.12
167167,0.17
167171,0.14
167178,0.1
167179,0.15
167182,0.14
167187,0.12
167192,0.1
167208,0.13
167212,0.19
167217,0.18
167230,0.18
167236,0.07
167238,0.2
167239,0.12
167257,0.29
167260,0.19
167264,0.11
167271,0.12
167273,0.2
167276,0.13
167283,0.06
167295,0.07
167296,0.18
167299,0.22
167310,0.12
167313,0.1
167323,0.1
167328,0.2
167329,0.18
167333,0.1
167349,0.09
167351,0.2
167359,0.09
167363,0.12
167371,0.07
167384,0.13
167387,0.08
167389,0.1
167393,0.12
167401,0.11
167427,0.15
167428,0.13
167433,0.09
167434,0.14
167437,0.13
167438,0.12
167454,0.12
167475,0.1
167480,0.12
167491,0.12
167494,0.15
167495,0.09
167503,0.22
167521,0.17
167529,0.11
167530,0.14
167550,0.16
167554,0.27
167557,0.21
167562,0.09
167566,0.1
167572,0.32
167573,0.19
167578,0.19
167592,0.14
167597,0.11
167621,0.12
167622,0.13
167631,0.34
167637,0.24
167638,0.1
167645,0.13
167648,0.22
167697,0.25
167698,0.08
167701,0.15
167708,0.03
167714,0.24
167717,0.05
167727,0.15
167737,0.13
167746,0.21
167751,0.2
167753,0.11
167755,0.09
167771,0.14
167805,0.11
167811,0.11
167815,0.12
167829,0.08
167830,0.08
167834,0.15
167841,0.14
167846,0.11
167851,0.33
167871,0.07
167890,0.14
167898,0.15
167901,0.06
167902,0.12
167907,0.21
167911,0.08
167912,0.07
167916,0.11
167917,0.11
167928,0.15
167940,0.21
167947,0.15
167948,0.21
167953,0.08
167957,0.19
167958,0.05
167968,0.1
167970,0.1
167977,0.11
167980,0.05
167993,0.09
167994,0.12
167998,0.11
168000,0.16
168006,0.14
168011,0.11
168012,0.15
168013,0.14
168022,0.09
168026,0.17
168032,0.04
168046,0.14
168054,0.13
168071,0.15
168078,0.2
168092,0.17
168093,0.14
168097,0.09
168105,0.23
168107,0.17
168108,0.2
168115,0.23
168127,0.11
168133,0.22
168135,0.05
168162,0.12
168163,0.05
168165,0.26
168169,0.1
168171,0.22
168174,0.17
168175,0.25
168186,0.15
168202,0.1
168204,0.12
168208,0.17
168229,0.19
168239,0.07
168245,0.09
168276,0.09
168309,0.21
168313,0.14
168322,0.09
168323,0.03
168326,0.26
168331,0.14
168349,0.28
168384,0.07
168398,0.07
168403,0.12
168405,0.11
168416,0.12
168418,0.11
168420,0.25
168422,0.06
168436,0.16
168438,0.15
168443,0.05
168444,0.14
168446,0.14
168454,0.13
168459,0.17
168462,0.18
168472,0.15
168485,0.1
168496,0.2
168503,0.08
168515,0.15
168516,0.15
168520,0.21
168521,0.16
168531,0.02
168542,0.04
168548,0.2
168551,0.11
168575,0.05
168580,0.09
168588,0.19
168593,0.07
168614,0.07
168615,0.11
168622,0.11
168623,0.07
168634,0.11
168645,0.2
168651,0.19
168683,0.14
168691,0.22
168708,0.13
168716,0.16
168718,0.08
168720,0.16
168722,0.22
168731,0.17
168736,0.13
168738,0.2
168747,0.11
168751,0.24
168752,0.15
168753,0.1
168774,0.21
168782,0.11
168788,0.08
168790,0.09
168791,0.09
168793,0.24
168796,0.2
168802,0.18
168803,0.1
168810,0.28
168817,0.11
168820,0.22
168823,0.11
168827,0.12
168828,0.22
168831,0.13
168842,0.16
168845,0.16
168855,0.13
168856,0.19
168861,0.2
168876,0.06
168897,0.11
168899,0.07
168913,0.12
168915,0.09
168916,0.14
168929,0.23
168930,0.1
168933,0.25
168954,0.14
168957,0.19
168959,0.06
168960,0.13
168961,0.19
168968,0.14
168969,0.19
168994,0.14
168995,0.03
169003,0.12
169004,0.44
169008,0.11
169009,0.07
169014,0.24
169030,0.14
169048,0.12
169061,0.18
169070,0.18
169092,0.07
169117,0.19
169118,0.24
169121,0.12
169123,0.17
169124,0.31
169137,0.18
169138,0.16
169143,0.06
169165,0.14
169166,0.22
169167,0.19
169168,0.09
169175,0.11
169184,0.15
169195,0.08
169196,0.11
169197,0.24
169202,0.24
169204,0.22
169212,0.14
169214,0.14
169218,0.18
169239,0.07
169248,0.06
169252,0.08
169254,0.17
169257,0.1
169264,0.25
169267,0.11
169269,0.3
169278,0.12
169297,0.14
169299,0.18
169301,0.13
169306,0.09
169323,0.11
169328,0.13
169330,0.08
169331,0.1
169346,0.1
169348,0.14
169350,0.1
169353,0.11
169355,0.17
169364,0.29
169365,0.08
169367,0.12
169370,0.11
169378,0.13
169385,0.08
169387,0.2
169389,0.09
169395,0.18
169412,0.15
169426,0.25
169427,0.16
169432,0.16
169436,0.2
169453,0.11
169455,0.28
169457,0.05
169458,0.17
169461,0.12
169467,0.17
169470,0.11
169477,0.05
169481,0.13
169483,0.1
169490,0.21
169491,0.05
169495,0.13
169504,0.21
169514,0.08
169517,0.07
169523,0.08
169528,0.16
169534,0.21
169535,0.07
169537,0.09
169541,0.15
169546,0.06
169549,0.11
169554,0.3
169561,0.08
169571,0.1
169580,0.1
169597,0.13
169598,0.07
169625,0.33
169626,0.15
169627,0.21
169628,0.12
169629,0.13
169658,0.14
169659,0.07
169668,0.12
169669,0.2
169673,0.05
169674,0.05
169676,0.21
169677,0.19
169678,0.12
169680,0.19
169695,0.16
169698,0.2
169710,0.22
169719,0.09
169720,0.12
169722,0.13
169735,0.1
169745,0.13
169749,0.18
169754,0.08
169760,0.1
169772,0.18
169773,0.11
169780,0.12
169788,0.06
169793,0.14
169809,0.22
169810,0.04
169824,0.05
169831,0.19
169833,0.19
169836,0.15
169859,0.05
169864,0.3
169872,0.1
169895,0.19
169911,0.1
169914,0.22
169960,0.22
169961,0.22
169964,0.08
169974,0.12
169988,0.12
169989,0.09
169995,0.05
170007,0.18
170026,0.14
170030,0.29
170033,0.21
170041,0.17
170043,0.12
170048,0.07
170050,0.06
170051,0.16
170056,0.1
170072,0.31
170076,0.08
170080,0.28
170101,0.12
170102,0.13
170107,0.21
170115,0.15
170119,0.06
170128,0.15
170129,0.14
170134,0.21
170136,0.12
170139,0.06
170140,0.07
170143,0.26
170148,0.31
170159,0.15
170163,0.12
170164,0.19
170173,0.09
170178,0.14
170179,0.08
170199,0.09
170203,0.12
170207,0.25
170211,0.17
170217,0.09
170224,0.03
170225,0.21
170255,0.25
170258,0.11
170259,0.12
170262,0.11
170278,0.14
170284,0.16
170285,0.18
170292,0.07
170293,0.11
170301,0.12
170302,0.3
170305,0.32
170309,0.12
170310,0.08
170326,0.26
170327,0.07
170328,0.1
170329,0.1
170330,0.12
170331,0.11
170337,0.12
170340,0.14
170341,0.08
170343,0.12
170361,0.23
170366,0.12
170376,0.2
170382,0.29
170396,0.07
170400,0.13
170403,0.1
170409,0.11
170410,0.04
170421,0.16
170425,0.06
170427,0.12
170428,0.15
170435,0.11
170438,0.08
170442,0.14
170446,0.14
170461,0.14
170473,0.26
170477,0.21
170516,0.07
170517,0.24
170522,0.11
170523,0.11
170534,0.15
170535,0.18
170538,0.15
170549,0.12
170556,0.1
170563,0.12
170570,0.12
170580,0.16
170582,0.09
170584,0.23
170585,0.04
170587,0.16
170590,0.1
170598,0.14
170599,0.14
170601,0.13
170612,0.18
170617,0.09
170620,0.12
170629,0.14
170647,0.15
170651,0.04
170654,0.1
170657,0.2
170662,0.09
170707,0.11
170719,0.08
170722,0.12
170723,0.11
170731,0.25
170735,0.13
170750,0.11
170769,0.14
170770,0.17
170776,0.15
170783,0.08
170789,0.13
170800,0.22
170809,0.23
170810,0.22
170811,0.24
170827,0.09
170842,0.12
170854,0.05
170857,0.2
170865,0.12
170867,0.05
170869,0.15
170870,0.1
170878,0.17
170881,0.2
170910,0.18
170913,0.14
170919,0.11
170932,0.15
170939,0.35
170947,0.15
170950,0.18
170953,0.25
170954,0.06
170970,0.12
170972,0.1
170973,0.15
170980,0.13
170981,0.15
170983,0.21
170998,0.14
171001,0.16
171004,0.06
171020,0.14
171023,0.06
171026,0.07
171060,0.26
171061,0.16
171065,0.22
171077,0.08
171081,0.07
171103,0.22
171110,0.16
171114,0.14
171118,0.15
171119,0.15
171120,0.14
171137,0.2
171147,0.1
171153,0.2
171156,0.19
171158,0.09
171163,0.11
171169,0.07
171170,0.13
171172,0.16
171173,0.1
171176,0.08
171181,0.2
171182,0.18
171191,0.06
171193,0.07
171195,0.26
171198,0.05
171205,0.13
171212,0.13
171237,0.17
171241,0.02
171262,0.14
171263,0.08
171266,0.09
171274,0.13
171290,0.11
171291,0.26
171297,0.12
171307,0.14
171311,0.25
171320,0.08
171322,0.09
171328,0.06
171337,0.07
171346,0.09
171348,0.23
171354,0.24
171358,0.09
171359,0.09
171360,0.12
171369,0.16
171379,0.08
171384,0.06
171388,0.09
171390,0.1
171394,0.08
171395,0.22
171399,0.16
171403,0.15
171422,0.06
171423,0.13
171469,0.15
171480,0.18
171487,0.09
171497,0.17
171502,0.16
171503,0.17
171506,0.17
171521,0.08
171530,0.13
171540,0.16
171541,0.12
171544,0.13
171551,0.17
171582,0.24
171587,0.15
171597,0.25
171603,0.13
171610,0.08
171614,0.12
171619,0.17
171621,0.1
171625,0.14
171626,0.11
171638,0.06
171642,0.13
171658,0.11
171674,0.22
171677,0.16
171684,0.09
171685,0.2
171686,0.07
171695,0.02
171702,0.15
171703,0.09
171704,0.11
171705,0.06
171706,0.12
171709,0.09
171712,0.07
171716,0.12
171730,0.12
171748,0.1
171757,0.14
171767,0.11
171768,0.29
171771,0.08
171775,0.12
171778,0.21
171780,0.17
171781,0.07
171785,0.04
171786,0.17
171789,0.09
171802,0.02
171803,0.16
171812,0.12
171862,0.09
171864,0.19
171891,0.34
171892,0.13
171913,0.07
171914,0.22
171922,0.18
171927,0.08
171933,0.15
171934,0.11
171943,0.1
171945,0.18
171960,0.13
171964,0.1
171975,0.22
171994,0.27
171996,0.1
171997,0.07
172000,0.05
172029,0.11
172038,0.07
172039,0.13
172043,0.2
172046,0.1
172048,0.12
172049,0.11
172053,0.25
172054,0.17
172058,0.11
172060,0.04
172061,0.04
172067,0.12
172072,0.04
172073,0.09
172098,0.09
172100,0.12
172101,0.23
172113,0.25
172144,0.08
172147,0.08
172149,0.16
172168,0.17
172169,0.15
172175,0.17
172197,0.09
172200,0.3
172205,0.32
172207,0.1
172210,0.07
172261,0.14
172279,0.1
172294,0.16
172300,0.04
172301,0.2
172310,0.14
172351,0.08
172353,0.1
172358,0.07
172374,0.2
172380,0.16
172384,0.09
172400,0.14
172403,0.14
172408,0.13
172411,0.09
172420,0.13
172426,0.31
172433,0.09
172434,0.17
172442,0.19
172443,0.22
172452,0.15
172454,0.17
172456,0.12
172460,0.14
172470,0.09
172479,0.12
172481,0.12
172483,0.12
172484,0.3
172485,0.19
172486,0.14
172493,0.15
172494,0.17
172497,0.14
172504,0.07
172518,0.14
172523,0.08
172527,0.2
172533,0.13
172536,0.11
172540,0.17
172541,0.11
172543,0.12
172545,0.17
172547,0.11
172551,0.18
172556,0.09
172562,0.07
172570,0.1
172574,0.12
172575,0.08
172599,0.07
172611,0.32
172612,0.1
172616,0.12
172623,0.15
172627,0.12
172635,0.26
172643,0.07
172644,0.11
172652,0.14
172656,0.08
172661,0.17
172664,0.11
172672,0.07
172678,0.07
172680,0.13
172683,0.12
172684,0.15
172690,0.04
172695,0.14
172696,0.16
172701,0.07
172713,0.24
172714,0.14
172731,0.05
172738,0.1
172761,0.12
172767,0.15
172770,0.25
172771,0.11
172799,0.06
172800,0.12
172804,0.22
172805,0.08
172820,0.09
172829,0.11
172831,0.24
172833,0.06
172843,0.12
172853,0.11
172855,0.17
172856,0.19
172857,0.04
172863,0.13
172877,0.16
172881,0.09
172895,0.08
172896,0.08
172910,0.12
172922,0.17
172939,0.14
172942,0.24
172945,0.13
172948,0.06
172949,0.18
172953,0.07
172967,0.19
172993,0.12
172995,0.12
172996,0.25
172997,0.17
172998,0.26
172999,0.09
173004,0.1
173006,0.26
173007,0.1
173013,0.08
173016,0.07
173020,0.17
173030,0.17
173048,0.09
173056,0.08
173066,0.18
173079,0.17
173107,0.13
173109,0.08
173127,0.12
173128,0.1
173130,0.15
173137,0.15
173157,0.1
173160,0.1
173168,0.09
173193,0.08
173197,0.24
173215,0.09
173216,0.12
173227,0.13
173236,0.18
173237,0.14
173247,0.1
173250,0.28
173259,0.13
173277,0.24
173285,0.06
173286,0.16
173299,0.09
173310,0.26
173312,0.14
173313,0.13
173320,0.12
173330,0.24
173333,0.18
173351,0.15
173370,0.25
173372,0.1
173381,0.22
173386,0.05
173387,0.17
173388,0.21
173393,0.07
173394,0.18
173403,0.02
173467,0.07
173469,0.13
173475,0.11
173476,0.15
173477,0.07
173484,0.29
173485,0.09
173488,0.29
173491,0.11
173520,0.1
173522,0.27
173535,0.09
173539,0.13
173549,0.08
173552,0.09
173565,0.19
173586,0.11
173587,0.12
173588,0.09
173595,0.12
173606,0.22
173620,0.11
173623,0.1
173629,0.17
173647,0.17
173649,0.15
173650,0.17
173652,0.13
173654,0.21
173665,0.15
173667,0.28
173685,0.07
173710,0.38
173711,0.12
173713,0.09
173718,0.13
173743,0.13
173744,0.21
173762,0.17
173768,0.14
173769,0.3
173770,0.04
173773,0.13
173779,0.12
173780,0.08
173781,0.14
173783,0.24
173795,0.1
173800,0.28
173812,0.11
173823,0.05
173834,0.17
173874,0.11
173891,0.1
173904,0.24
173909,0.19
173925,0.12
173941,0.09
173942,0.1
173944,0.09
173955,0.08
173959,0.17
174000,0.08
174004,0.07
174006,0.05
174008,0.19
174012,0.13
174017,0.1
174020,0.26
174044,0.11
174051,0.06
174052,0.06
174059,0.09
174060,0.09
174061,0.1
174063,0.13
174068,0.14
174069,0.14
174072,0.11
174074,0.11
174091,0.14
174092,0.12
174098,0.2
174105,0.2
174107,0.11
174110,0.01
174121,0.05
174126,0.13
174153,0.06
174156,0.18
174160,0.12
174173,0.08
174183,0.08
174185,0.13
174188,0.24
174198,0.07
174206,0.18
174207,0.11
174211,0.23
174239,0.21
174260,0.21
174261,0.08
174262,0.16
174264,0.13
174271,0.1
174275,0.29
174277,0.13
174286,0.14
174301,0.09
174312,0.26
174314,0.11
174322,0.16
174323,0.1
174325,0.13
174326,0.08
174327,0.18
174334,0.26
174360,0.12
174362,0.27
174367,0.08
174371,0.09
174372,0.13
174384,0.11
174390,0.06
174391,0.07
174396,0.08
174412,0.08
174423,0.14
174428,0.1
174429,0.09
174438,0.05
174481,0.08
174483,0.12
174484,0.08
174485,0.23
174488,0.09
174497,0.17
174509,0.18
174513,0.12
174514,0.13
174520,0.11
174526,0.18
174532,0.04
174536,0.2
174537,0.13
174538,0.17
174539,0.23
174540,0.05
174549,0.1
174551,0.2
174563,0.16
174574,0.15
174575,0.22
174586,0.05
174590,0.14
174606,0.18
174607,0.09
174609,0.08
174610,0.23
174630,0.2
174631,0.07
174661,0.11
174665,0.09
174666,0.1
174677,0.13
174690,0.1
174700,0.11
174702,0.14
174703,0.1
174713,0.11
174721,0.12
174726,0.14
174729,0.21
174741,0.13
174742,0.17
174754,0.12
174757,0.18
174782,0.38
174795,0.21
174805,0.08
174806,0.12
174809,0.18
174810,0.07
174829,0.04
174830,0.16
174832,0.09
174836,0.24
174839,0.07
174843,0.07
174854,0.19
174861,0.11
174863,0.08
174867,0.17
174871,0.1
174887,0.11
174890,0.16
174897,0.09
174901,0.22
174903,0.13
174912,0.12
174913,0.19
174920,0.21
174922,0.29
174924,0.12
174925,0.12
174928,0.09
174938,0.18
174939,0.09
174943,0.17
174950,0.16
174954,0.09
174955,0.08
174957,0.16
174965,0.1
174966,0.2
174967,0.16
174977,0.16
174983,0.11
174986,0.13
174987,0.07
175012,0.22
175015,0.12
175025,0.2
175027,0.19
175029,0.15
175056,0.33
175075,0.21
175081,0.2
175097,0.2
175128,0.14
175129,0.13
175138,0.19
175169,0.15
175183,0.16
175211,0.08
175212,0.13
175215,0.08
175223,0.19
175225,0.05
175233,0.08
175250,0.16
175253,0.12
175257,0.12
175260,0.07
175261,0.07
175264,0.1
175284,0.2
175288,0.08
175295,0.02
175309,0.11
175310,0.05
175313,0.19
175334,0.13
175337,0.16
175346,0.07
175347,0.09
175349,0.18
175350,0.13
175351,0.09
175367,0.26
175369,0.09
175371,0.17
175372,0.16
175392,0.22
175400,0.06
175402,0.08
175403,0.12
175407,0.28
175408,0.08
175414,0.16
175431,0.13
175435,0.11
175442,0.12
175454,0.11
175456,0.09
175457,0.11
175464,0.2
175465,0.15
175477,0.1
175488,0.07
175495,0.09
175499,0.17
175500,0.19
175515,0.28
175519,0.1
175520,0.08
175531,0.07
175534,0.12
175543,0.18
175566,0.06
175568,0.09
175573,0.12
175574,0.21
175576,0.1
175591,0.08
175593,0.18
175605,0.29
175609,0.14
175617,0.07
175624,0.26
175629,0.11
175633,0.06
175645,0.2
175649,0.06
175650,0.06
175653,0.19
175659,0.18
175660,0.1
175661,0.12
175664,0.13
175665,0.11
175677,0.11
175682,0.2
175684,0.23
175687,0.07
175690,0.08
175706,0.2
175722,0.21
175724,0.15
175730,0.2
175731,0.07
175737,0.2
175743,0.07
175745,0.2
175758,0.12
175768,0.09
175769,0.2
175773,0.07
175775,0.08
175794,0.06
175798,0.2
175809,0.26
175818,0.1
175830,0.11
175835,0.12
175840,0.23
175864,0.1
175875,0.12
175890,0.1
175892,0.12
175914,0.26
175930,0.26
175935,0.06
175955,0.06
175958,0.06
175959,0.16
175960,0.1
175964,0.12
175968,0.06
175986,0.31
175987,0.15
175997,0.07
175998,0.23
176003,0.08
176004,0.16
176021,0.15
176034,0.12
176035,0.18
176043,0.23
176045,0.16
176051,0.1
176052,0.06
176059,0.22
176067,0.17
176073,0.16
176076,0.06
176077,0.05
176085,0.14
176088,0.13
176095,0.13
176118,0.26
176129,0.21
176177,0.14
176183,0.11
176206,0.24
176218,0.19
176240,0.1
176253,0.06
176260,0.14
176275,0.17
176285,0.12
176288,0.15
176289,0.15
176290,0.17
176297,0.16
176300,0.2
176301,0.2
176319,0.13
176322,0.06
176337,0.1
176346,0.15
176347,0.2
176352,0.18
176358,0.1
176359,0.22
176365,0.14
176371,0.19
176403,0.09
176419,0.13
176428,0.1
176429,0.28
176430,0.19
176432,0.18
176437,0.18
176440,0.1
176441,0.29
176450,0.06
176454,0.16
176459,0.07
176460,0.14
176467,0.1
176472,0.3
176482,0.11
176483,0.37
176486,0.12
176487,0.1
176494,0.03
176497,0.07
176500,0.1
176509,0.19
176511,0.12
176512,0.1
176522,0.17
176525,0.2
176526,0.15
176537,0.08
176538,0.11
176572,0.13
176573,0.2
176574,0.24
176579,0.11
176580,0.05
176592,0.33
176601,0.09
176603,0.19
176605,0.18
176606,0.14
176615,0.18
176620,0.06
176634,0.21
176635,0.08
176638,0.09
176639,0.1
176641,0.31
176661,0.12
176668,0.13
176669,0.2
176683,0.19
176688,0.15
176700,0.15
176702,0.16
176705,0.18
176709,0.07
176710,0.21
176720,0.15
176726,0.11
176731,0.09
176732,0.15
176733,0.06
176734,0.05
176736,0.13
176741,0.09
176756,0.1
176785,0.1
176790,0.12
176793,0.19
176820,0.16
176827,0.09
176828,0.06
176839,0.21
176848,0.08
176850,0.1
176853,0.1
176866,0.09
176867,0.16
176875,0.14
176883,0.23
176888,0.19
176890,0.18
176898,0.11
176917,0.14
176925,0.14
176929,0.11
176934,0.13
176938,0.19
176953,0.12
176957,0.25
176970,0.05
176997,0.15
177029,0.16
177030,0.11
177031,0.12
177032,0.08
177047,0.19
177048,0.21
177051,0.16
177055,0.07
177060,0.11
177064,0.26
177065,0.14
177069,0.14
177076,0.1
177085,0.1
177087,0.21
177105,0.17
177126,0.18
177133,0.15
177141,0.16
177146,0.14
177156,0.17
177179,0.08
177187,0.33
177192,0.25
177203,0.14
177228,0.1
177229,0.16
177249,0.1
177250,0.27
177253,0.15
177260,0.14
177262,0.19
177270,0.09
177275,0.17
177284,0.15
177285,0.25
177314,0.26
177319,0.28
177325,0.07
177327,0.16
177339,0.23
177344,0.21
177378,0.1
177384,0.12
177385,0.13
177386,0.13
177387,0.14
177405,0.06
177423,0.18
177424,0.12
177425,0.1
177430,0.19
177435,0.11
177447,0.14
177448,0.07
177449,0.1
177451,0.16
177460,0.19
177479,0.08
177489,0.12
177504,0.11
177505,0.11
177511,0.23
177524,0.07
177526,0.1
177535,0.08
177558,0.14
177562,0.24
177569,0.16
177579,0.08
177580,0.12
177583,0.08
177584,0.18
177585,0.18
177605,0.08
177606,0.07
177618,0.09
177639,0.3
177649,0.09
177656,0.18
177657,0.09
177661,0.23
177665,0.08
177669,0.14
177680,0.3
177688,0.31
177689,0.12
177694,0.14
177696,0.17
177700,0.13
177705,0.09
177710,0.21
177720,0.15
177728,0.17
177729,0.19
177731,0.17
177733,0.16
177749,0.22
177751,0.13
177767,0.12
177776,0.08
177780,0.27
177783,0.16
177785,0.25
177791,0.1
177797,0.11
177798,0.13
177799,0.07
177802,0.1
177803,0.09
177805,0.13
177820,0.07
177824,0.1
177825,0.11
177829,0.11
177839,0.14
177861,0.15
177865,0.17
177867,0.11
177875,0.11
177876,0.22
177878,0.07
177883,0.17
177886,0.09
177891,0.16
177892,0.14
177902,0.1
177904,0.12
177931,0.16
177939,0.13
177944,0.2
177946,0.16
177959,0.17
177977,0.2
177992,0.13
177993,0.14
178005,0.11
178008,0.08
178009,0.08
178012,0.27
178015,0.12
178018,0.18
178037,0.16
178050,0.13
178058,0.2
178060,0.07
178064,0.29
178074,0.15
178077,0.19
178094,0.18
178095,0.22
178096,0.11
178107,0.09
178117,0.09
178146,0.14
178154,0.12
178160,0.13
178164,0.1
178172,0.09
178174,0.31
178182,0.11
178184,0.2
178196,0.12
178223,0.22
178225,0.13
178226,0.11
178240,0.18
178242,0.06
178250,0.25
178268,0.1
178282,0.12
178285,0.19
178288,0.12
178290,0.07
178295,0.16
178312,0.15
178317,0.08
178342,0.16
178343,0.09
178344,0.15
178346,0.09
178353,0.22
178356,0.41
178358,0.09
178359,0.21
178362,0.22
178380,0.19
178387,0.19
178391,0.29
178395,0.33
178408,0.14
178415,0.04
178421,0.14
178424,0.27
178428,0.16
178432,0.11
178433,0.1
178436,0.1
178442,0.11
178453,0.12
178459,0.13
178467,0.23
178472,0.24
178491,0.07
178499,0.08
178504,0.1
178506,0.09
178509,0.13
178517,0.08
178525,0.1
178530,0.12
178531,0.17
178537,0.17
178553,0.25
178557,0.06
178565,0.09
178566,0.12
178579,0.11
178586,0.1
178589,0.11
178592,0.14
178610,0.09
178620,0.14
178621,0.13
178622,0.19
178643,0.08
178665,0.16
178671,0.09
178675,0.06
178692,0.05
178722,0.06
178723,0.14
178726,0.13
178731,0.28
178737,0.13
178739,0.09
178745,0.08
178766,0.11
178771,0.13
178775,0.12
178785,0.19
178789,0.06
178790,0.11
178792,0.14
178804,0.06
178817,0.15
178821,0.17
178825,0.08
178830,0.13
178831,0.27
178832,0.12
178847,0.08
178853,0.09
178856,0.2
178867,0.14
178868,0.16
178881,0.15
178887,0.13
178888,0.2
178908,0.26
178909,0.18
178942,0.15
178943,0.37
178946,0.13
178947,0.21
178950,0.19
178958,0.17
178976,0.1
178986,0.07
178989,0.05
178995,0.19
178996,0.09
179006,0.15
179025,0.12
179034,0.15
179038,0.44
179043,0.09
179050,0.16
179051,0.15
179076,0.21
179077,0.15
179091,0.11
179092,0.2
179111,0.09
179128,0.1
179132,0.11
179137,0.07
179138,0.13
179146,0.11
179148,0.17
179149,0.12
179150,0.07
179155,0.11
179164,0.11
179177,0.11
179178,0.1
179182,0.22
179184,0.04
179186,0.15
179191,0.18
179194,0.13
179201,0.11
179210,0.05
179211,0.09
179212,0.18
179216,0.16
179229,0.08
179235,0.08
179236,0.23
179241,0.19
179244,0.1
179249,0.15
179256,0.24
179260,0.14
179262,0.17
179264,0.1
179268,0.1
179272,0.14
179280,0.07
179287,0.08
179288,0.08
179290,0.1
179295,0.07
179298,0.21
179306,0.15
179307,0.16
179310,0.31
179314,0.11
179317,0.07
179319,0.19
179327,0.11
179336,0.16
179342,0.13
179344,0.34
179347,0.06
179357,0.06
179368,0.14
179413,0.08
179425,0.16
179435,0.12
179447,0.05
179449,0.18
179458,0.02
179460,0.07
179475,0.19
179486,0.11
179493,0.17
179499,0.07
179501,0.17
179508,0.14
179511,0.12
179513,0.13
179519,0.18
179537,0.11
179550,0.13
179559,0.07
179560,0.07
179578,0.19
179583,0.11
179590,0.1
179597,0.1
179599,0.06
179602,0.34
179609,0.1
179621,0.16
179624,0.12
179625,0.11
179630,0.13
179640,0.09
179641,0.08
179644,0.12
179649,0.1
179650,0.22
179652,0.09
179653,0.26
179660,0.17
179662,0.14
179673,0.15
179678,0.13
179679,0.15
179686,0.13
179721,0.07
179733,0.18
179736,0.23
179737,0.09
179748,0.19
179750,0.21
179751,0.13
179752,0.18
179753,0.13
179765,0.11
179768,0.13
179798,0.1
179827,0.09
179837,0.1
179838,0.11
179851,0.15
179868,0.19
179875,0.22
179876,0.1
179882,0.08
179883,0.12
179894,0.14
179905,0.19
179907,0.18
179919,0.09
179926,0.14
179936,0.11
179941,0.17
179945,0.17
179951,0.06
179960,0.07
179967,0.12
179980,0.16
179985,0.38
179997,0.1
180001,0.19
180007,0.12
180011,0.12
180017,0.22
180027,0.17
180033,0.03
180036,0.34
180037,0.13
180041,0.19
180042,0.28
180050,0.23
180059,0.07
180066,0.07
180067,0.1
180085,0.12
180092,0.08
180099,0.1
180101,0.11
180115,0.18
180122,0.17
180126,0.12
180127,0.08
180140,0.14
180141,0.12
180158,0.1
180163,0.21
180178,0.14
180189,0.12
180198,0.16
180201,0.31
180202,0.13
180209,0.2
180239,0.33
180244,0.09
180270,0.07
180271,0.12
180286,0.08
180287,0.11
180291,0.11
180293,0.18
180296,0.13
180297,0.1
180305,0.13
180318,0.19
180319,0.18
180322,0.11
180323,0.07
180331,0.15
180365,0.1
180368,0.22
180369,0.08
180382,0.09
180387,0.11
180388,0.26
180389,0.08
180398,0.1
180399,0.06
180402,0.17
180406,0.13
180407,0.16
180408,0.13
180413,0.12
180416,0.13
180420,0.15
180429,0.21
180430,0.41
180431,0.1
180438,0.09
180441,0.09
180448,0.1
180453,0.07
180478,0.25
180480,0.07
180510,0.1
180524,0.16
180534,0.09
180537,0.34
180545,0.11
180550,0.17
180559,0.07
180583,0.07
180587,0.09
180594,0.21
180597,0.1
180598,0.23
180599,0.13
180601,0.17
180624,0.28
180625,0.23
180634,0.12
180647,0.12
180652,0.13
180656,0.21
180664,0.11
180666,0.15
180674,0.15
180679,0.1
180685,0.28
180692,0.07
180698,0.13
180699,0.09
180700,0.05
180702,0.06
180710,0.15
180736,0.05
180739,0.11
180741,0.12
180743,0.32
180747,0.1
180754,0.25
180755,0.14
180756,0.18
180768,0.12
180773,0.1
180775,0.11
180784,0.16
180787,0.11
180795,0.09
180796,0.08
180799,0.07
180811,0.07
180813,0.14
180827,0.24
180828,0.06
180833,0.16
180834,0.16
180847,0.12
180852,0.34
180853,0.13
180854,0.2
180855,0.14
180856,0.09
180858,0.04
180859,0.26
180867,0.11
180868,0.09
180872,0.13
180873,0.17
180874,0.2
180875,0.07
180878,0.1
180888,0.14
180889,0.1
180891,0.16
180902,0.13
180907,0.31
180913,0.05
180916,0.11
180954,0.15
180962,0.06
180963,0.09
180967,0.17
180971,0.27
180975,0.15
180985,0.19
180991,0.07
181009,0.16
181012,0.08
181015,0.06
181034,0.1
181064,0.21
181071,0.11
181083,0.15
181084,0.05
181085,0.13
181088,0.1
181098,0.17
181110,0.16
181111,0.18
181112,0.06
181114,0.17
181117,0.25
181157,0.07
181160,0.22
181161,0.15
181165,0.15
181179,0.37
181186,0.12
181196,0.13
181197,0.3
181204,0.09
181213,0.08
181214,0.45
181221,0.18
181224,0.13
181226,0.08
181236,0.18
181256,0.27
181257,0.08
181279,0.11
181282,0.09
181285,0.08
181288,0.14
181289,0.18
181290,0.08
181298,0.08
181299,0.18
181307,0.15
181312,0.24
181318,0.08
181322,0.2
181338,0.11
181340,0.09
181342,0.05
181344,0.07
181350,0.13
181373,0.09
181374,0.22
181375,0.1
181379,0.25
181381,0.16
181385,0.3
181388,0.04
181392,0.2
181393,0.18
181425,0.09
181465,0.11
181481,0.2
181484,0.05
181494,0.09
181501,0.14
181507,0.13
181521,0.18
181524,0.09
181538,0.22
181540,0.11
181547,0.19
181551,0.15
181555,0.2
181561,0.21
181564,0.07
181567,0.17
181599,0.08
181602,0.24
181612,0.12
181613,0.13
181615,0.2
181621,0.03
181622,0.2
181629,0.16
181630,0.08
181633,0.1
181635,0.23
181641,0.06
181643,0.19
181644,0.11
181649,0.08
181659,0.07
181660,0.05
181665,0.17
181666,0.25
181672,0.17
181682,0.16
181693,0.18
181697,0.2
181703,0.06
181704,0.11
181720,0.16
181722,0.05
181732,0.15
181733,0.12
181736,0.07
181737,0.13
181747,0.09
181758,0.18
181764,0.12
181770,0.19
181774,0.28
181783,0.15
181788,0.09
181789,0.18
181804,0.17
181809,0.13
181821,0.45
181836,0.09
181863,0.16
181867,0.11
181868,0.15
181871,0.13
181904,0.22
181931,0.13
181932,0.08
181941,0.07
181944,0.28
181958,0.2
181971,0.07
181986,0.14
182002,0.05
182007,0.1
182012,0.08
182022,0.13
182031,0.2
182050,0.14
182053,0.2
182071,0.19
182072,0.13
182073,0.07
182102,0.2
182106,0.19
182116,0.09
182117,0.19
182118,0.05
182124,0.21
182125,0.1
182145,0.13
182150,0.18
182154,0.08
182167,0.1
182179,0.19
182181,0.22
182183,0.1
182218,0.21
182225,0.03
182226,0.2
182266,0.16
182272,0.14
182275,0.16
182295,0.15
182305,0.08
182312,0.14
182313,0.13
182327,0.05
182337,0.09
182340,0.09
182341,0.15
182342,0.07
182345,0.21
182353,0.09
182355,0.12
182371,0.16
182376,0.09
182381,0.09
182382,0.12
182384,0.12
182387,0.11
182412,0.06
182419,0.17
182432,0.14
182438,0.15
182448,0.27
182450,0.27
182465,0.14
182468,0.04
182474,0.11
182483,0.09
182484,0.14
182485,0.1
182486,0.11
182489,0.19
182500,0.19
182501,0.22
182504,0.27
182514,0.13
182524,0.19
182525,0.21
182533,0.08
182536,0.11
182539,0.14
182550,0.08
182553,0.07
182568,0.11
182571,0.05
182573,0.04
182580,0.11
182615,0.06
182618,0.09
182624,0.16
182644,0.03
182686,0.18
182687,0.1
182695,0.26
182718,0.12
182726,0.13
182735,0.09
182742,0.17
182747,0.09
182748,0.16
182752,0.04
182761,0.12
182800,0.08
182802,0.26
182807,0.22
182816,0.09
182818,0.05
182826,0.08
182836,0.13
182840,0.15
182841,0.18
182846,0.1
182862,0.16
182864,0.17
182871,0.22
182878,0.09
182880,0.27
182885,0.12
182893,0.09
182894,0.24
182895,0.2
182901,0.21
182907,0.2
182921,0.13
182952,0.06
182964,0.27
182966,0.17
182980,0.12
182985,0.26
182989,0.12
182994,0.25
183035,0.35
183037,0.15
183042,0.13
183049,0.05
183050,0.04
183051,0.1
183062,0.03
183063,0.12
183064,0.08
183076,0.11
183078,0.28
183086,0.11
183089,0.19
183091,0.27
183097,0.15
183104,0.07
183118,0.2
183119,0.12
183134,0.07
183142,0.28
183157,0.11
183162,0.12
183180,0.18
183193,0.17
183213,0.16
183216,0.2
183223,0.15
183226,0.12
183264,0.04
183273,0.23
183278,0.07
183282,0.11
183283,0.19
183286,0.13
183288,0.21
183299,0.12
183310,0.05
183315,0.11
183332,0.1
183336,0.04
183341,0.16
183342,0.11
183345,0.12
183347,0.05
183360,0.13
183362,0.06
183370,0.06
183379,0.02
183386,0.23
183410,0.13
183417,0.1
183419,0.07
183421,0.2
183425,0.29
183427,0.2
183433,0.16
183434,0.23
183438,0.14
183439,0.06
183440,0.2
183450,0.18
183451,0.18
183453,0.07
183454,0.11
183455,0.09
183457,0.16
183463,0.19
183475,0.13
183478,0.17
183480,0.14
183490,0.07
183494,0.26
183503,0.12
183512,0.18
183517,0.17
183530,0.16
183532,0.08
183533,0.18
183536,0.07
183545,0.1
183549,0.12
183550,0.12
183551,0.03
183555,0.15
183560,0.09
183585,0.14
183591,0.08
183592,0.07
183603,0.27
183610,0.12
183628,0.19
183644,0.16
183646,0.2
183649,0.11
183656,0.17
183658,0.4
183688,0.09
183690,0.09
183691,0.17
183697,0.19
183709,0.11
183711,0.13
183714,0.4
183725,0.1
183736,0.13
183742,0.11
183772,0.19
183776,0.11
183787,0.07
183792,0.32
183793,0.21
183799,0.34
183816,0.15
183818,0.24
183832,0.19
183836,0.05
183839,0.1
183840,0.11
183855,0.1
183857,0.24
183863,0.11
183866,0.14
183876,0.16
183878,0.14
183897,0.04
183902,0.16
183915,0.1
183925,0.18
183936,0.12
183939,0.14
183951,0.09
183956,0.07
183957,0.13
183974,0.07
183982,0.17
183994,0.09
184008,0.1
184013,0.24
184016,0.22
184019,0.09
184024,0.08
184025,0.14
184038,0.08
184045,0.07
184056,0.19
184060,0.16
184071,0.11
184073,0.08
184074,0.07
184077,0.08
184105,0.13
184106,0.13
184133,0.18
184154,0.29
184163,0.11
184165,0.19
184193,0.25
184194,0.21
184195,0.1
184202,0.22
184226,0.32
184230,0.13
184231,0.21
184234,0.2
184238,0.07
184248,0.13
184257,0.05
184268,0.11
184282,0.09
184291,0.15
184294,0.05
184295,0.35
184304,0.2
184309,0.04
184318,0.27
184325,0.12
184329,0.09
184330,0.1
184333,0.33
184337,0.06
184338,0.13
184340,0.09
184341,0.14
184347,0.15
184354,0.13
184355,0.11
184372,0.24
184384,0.14
184385,0.1
184386,0.09
184389,0.23
184401,0.1
184405,0.18
184431,0.31
184450,0.09
184453,0.22
184470,0.1
184471,0.09
184486,0.19
184488,0.08
184489,0.15
184497,0.12
184508,0.17
184509,0.12
184516,0.09
184525,0.18
184526,0.11
184531,0.05
184557,0.07
184576,0.11
184589,0.09
184605,0.04
184613,0.21
184630,0.13
184635,0.12
184636,0.06
184643,0.09
184645,0.21
184653,0.1
184655,0.14
184656,0.09
184660,0.25
184716,0.13
184736,0.09
184758,0.15
184767,0.13
184770,0.24
184773,0.16
184776,0.17
184792,0.16
184812,0.14
184820,0.21
184829,0.13
184831,0.2
184832,0.18
184834,0.05
184847,0.15
184848,0.12
184858,0.09
184866,0.14
184869,0.14
184870,0.07
184873,0.1
184874,0.06
184876,0.2
184879,0.21
184880,0.09
184885,0.11
184896,0.11
184916,0.18
184918,0.16
184919,0.16
184921,0.18
184936,0.11
184944,0.22
184956,0.13
184963,0.18
184964,0.05
184965,0.23
184972,0.17
184977,0.2
184982,0.15
184988,0.32
184992,0.27
184994,0.07
184998,0.17
185017,0.15
185024,0.16
185032,0.22
185037,0.11
185040,0.09
185043,0.18
185048,0.1
185059,0.15
185076,0.19
185083,0.12
185090,0.14
185099,0.08
185101,0.1
185106,0.22
185121,0.2
185125,0.22
185126,0.17
185127,0.18
185153,0.09
185167,0.16
185171,0.15
185178,0.1
185180,0.31
185181,0.1
185183,0.1
185186,0.15
185187,0.13
185188,0.11
185189,0.13
185194,0.22
185207,0.09
185209,0.14
185210,0.16
185212,0.09
185220,0.12
185221,0.2
185230,0.2
185231,0.18
185245,0.1
185249,0.16
185262,0.1
185285,0.16
185286,0.15
185288,0.18
185296,0.16
185298,0.19
185299,0.17
185308,0.15
185311,0.05
185313,0.13
185314,0.21
185332,0.17
185337,0.12
185338,0.17
185339,0.21
185341,0.19
185342,0.11
185344,0.13
185349,0.17
185362,0.12
185363,0.16
185394,0.11
185410,0.16
185418,0.16
185423,0.14
185428,0.19
185442,0.14
185447,0.09
185450,0.05
185454,0.12
185475,0.22
185481,0.19
185483,0.07
185485,0.17
185496,0.11
185504,0.13
185505,0.04
185512,0.08
185515,0.08
185534,0.1
185536,0.13
185538,0.13
185552,0.1
185569,0.17
185576,0.08
185578,0.16
185581,0.23
185584,0.11
185585,0.15
185586,0.2
185592,0.19
185604,0.05
185606,0.11
185607,0.11
185618,0.16
185622,0.19
185628,0.2
185629,0.13
185634,0.11
185637,0.26
185638,0.04
185640,0.18
185641,0.06
185645,0.09
185646,0.21
185647,0.08
185662,0.08
185669,0.23
185675,0.09
185687,0.12
185688,0.07
185689,0.13
185690,0.19
185697,0.15
185710,0.1
185733,0.17
185740,0.22
185806,0.13
185812,0.25
185824,0.14
185825,0.12
185826,0.14
185827,0.3
185828,0.09
185837,0.09
185859,0.14
185861,0.06
185872,0.15
185874,0.08
185891,0.23
185893,0.19
185897,0.08
185900,0.12
185910,0.04
185919,0.06
185932,0.08
185937,0.1
185939,0.09
185965,0.11
185968,0.12
185971,0.08
185978,0.13
185980,0.13
185981,0.08
185982,0.18
185991,0.13
185997,0.12
185998,0.13
186014,0.08
186021,0.15
186025,0.22
186034,0.1
186054,0.12
186061,0.2
186065,0.21
186066,0.19
186070,0.09
186080,0.12
186085,0.11
186094,0.19
186110,0.18
186113,0.05
186116,0.12
186127,0.08
186129,0.08
186135,0.14
186139,0.29
186151,0.09
186153,0.17
186156,0.07
186158,0.12
186159,0.1
186166,0.17
186168,0.23
186169,0.09
186170,0.17
186179,0.11
186188,0.09
186210,0.08
186227,0.13
186229,0.18
186230,0.15
186249,0.11
186254,0.09
186264,0.12
186265,0.19
186273,0.1
186276,0.08
186289,0.22
186296,0.23
186308,0.11
186309,0.15
186310,0.09
186316,0.11
186321,0.07
186333,0.11
186346,0.07
186391,0.14
186398,0.24
186407,0.1
186411,0.11
186415,0.15
186426,0.22
186444,0.13
186448,0.24
186453,0.18
186456,0.09
186460,0.12
186461,0.18
186473,0.07
186489,0.24
186490,0.13
186491,0.13
186492,0.13
186493,0.1
186503,0.16
186505,0.16
186506,0.09
186508,0.02
186524,0.24
186526,0.09
186536,0.12
186539,0.21
186543,0.08
186558,0.29
186568,0.22
186573,0.17
186587,0.15
186599,0.07
186609,0.19
186610,0.1
186612,0.08
186632,0.2
186634,0.14
186649,0.16
186652,0.21
186660,0.13
186668,0.16
186674,0.16
186675,0.18
186679,0.18
186682,0.12
186683,0.09
186695,0.48
186696,0.09
186704,0.17
186709,0.43
186714,0.2
186723,0.07
186726,0.28
186728,0.12
186729,0.1
186731,0.12
186737,0.16
186742,0.09
186743,0.07
186745,0.2
186747,0.1
186750,0.14
186769,0.19
186771,0.29
186787,0.09
186796,0.36
186802,0.19
186811,0.08
186812,0.17
186815,0.13
186840,0.13
186842,0.29
186853,0.11
186859,0.13
186878,0.05
186885,0.18
186890,0.1
186906,0.25
186916,0.11
186927,0.05
186928,0.15
186931,0.22
186934,0.12
186938,0.2
186943,0.29
186944,0.15
186945,0.21
186947,0.09
186952,0.17
186953,0.14
186960,0.16
186962,0.11
186991,0.02
187001,0.3
187017,0.1
187019,0.21
187024,0.14
187035,0.06
187037,0.14
187056,0.11
187057,0.13
187058,0.21
187065,0.17
187066,0.24
187069,0.14
187070,0.1
187074,0.09
187085,0.09
187087,0.1
187100,0.15
187117,0.09
187158,0.14
187159,0.17
187162,0.2
187164,0.1
187167,0.07
187168,0.07
187171,0.11
187184,0.22
187194,0.19
187208,0.17
187211,0.23
187220,0.12
187224,0.14
187242,0.12
187259,0.1
187260,0.09
187267,0.16
187280,0.21
187287,0.08
187291,0.12
187296,0.11
187301,0.12
187315,0.22
187319,0.03
187326,0.21
187328,0.17
187329,0.08
187330,0.06
187335,0.16
187339,0.05
187340,0.15
187353,0.16
187356,0.13
187367,0.18
187383,0.11
187388,0.13
187401,0.12
187415,0.09
187422,0.1
187439,0.19
187440,0.16
187442,0.23
187447,0.14
187448,0.13
187451,0.09
187468,0.07
187475,0.09
187477,0.13
187480,0.17
187498,0.16
187499,0.08
187516,0.07
187524,0.06
187534,0.23
187552,0.12
187577,0.14
187584,0.07
187585,0.16
187603,0.1
187608,0.1
187625,0.1
187637,0.14
187639,0.25
187641,0.07
187652,0.09
187684,0.18
187689,0.16
187698,0.14
187708,0.12
187716,0.14
187717,0.11
187719,0.1
187720,0.27
187743,0.15
187749,0.14
187762,0.2
187763,0.2
187772,0.25
187786,0.12
187787,0.16
187809,0.19
187826,0.18
187828,0.07
187829,0.23
187833,0.14
187847,0.08
187852,0.06
187862,0.06
187867,0.11
187868,0.08
187870,0.12
187871,0.11
187879,0.26
187894,0.14
187895,0.16
187899,0.08
187903,0.3
187915,0.1
187919,0.17
187941,0.11
187942,0.18
187944,0.12
187947,0.23
187949,0.39
187950,0.11
187952,0.1
187964,0.15
187967,0.16
187977,0.14
187983,0.13
187987,0.09
187988,0.07
187990,0.1
187991,0.25
187998,0.1
188014,0.14
188017,0.1
188021,0.15
188032,0.14
188039,0.07
188040,0.05
188044,0.07
188045,0.08
188054,0.21
188069,0.11
188070,0.3
188081,0.14
188092,0.27
188106,0.2
188108,0.12
188117,0.12
188120,0.05
188130,0.06
188133,0.23
188136,0.16
188151,0.11
188153,0.16
188158,0.15
188171,0.08
188175,0.09
188192,0.18
188194,0.12
188198,0.15
188199,0.09
188228,0.18
188232,0.1
188233,0.19
188234,0.04
188245,0.05
188248,0.19
188254,0.14
188261,0.04
188262,0.15
188267,0.12
188276,0.18
188281,0.33
188282,0.12
188295,0.14
188309,0.09
188313,0.25
188324,0.13
188327,0.2
188328,0.11
188329,0.09
188336,0.17
188337,0.09
188350,0.11
188389,0.19
188399,0.14
188413,0.15
188415,0.12
188421,0.1
188438,0.18
188449,0.3
188466,0.12
188470,0.05
188486,0.1
188492,0.16
188507,0.13
188511,0.11
188521,0.21
188540,0.18
188542,0.05
188551,0.19
188557,0.06
188558,0.08
188561,0.28
188563,0.08
188565,0.11
188577,0.18
188586,0.15
188591,0.13
188594,0.22
188614,0.11
188622,0.16
188626,0.19
188632,0.25
188635,0.11
188639,0.09
188645,0.22
188646,0.22
188647,0.18
188653,0.05
188659,0.1
188677,0.25
188694,0.09
188695,0.09
188696,0.13
188707,0.04
188714,0.15
188715,0.11
188722,0.08
188724,0.1
188729,0.11
188734,0.04
188739,0.37
188746,0.09
188747,0.03
188768,0.15
188770,0.13
188772,0.09
188787,0.13
188792,0.12
188793,0.12
188808,0.09
188828,0.11
188848,0.17
188851,0.11
188856,0.18
188862,0.16
188875,0.28
188876,0.25
188878,0.1
188880,0.08
188890,0.14
188900,0.12
188914,0.06
188928,0.14
188936,0.06
188946,0.02
188947,0.11
188948,0.08
188949,0.09
188950,0.1
188980,0.11
188982,0.25
188988,0.19
188990,0.14
188992,0.11
188993,0.07
188994,0.1
188997,0.07
188998,0.24
189009,0.1
189018,0.15
189022,0.14
189034,0.07
189045,0.09
189059,0.09
189062,0.1
189075,0.14
189086,0.09
189087,0.1
189107,0.07
189113,0.12
189144,0.05
189148,0.1
189199,0.12
189201,0.08
189202,0.11
189207,0.27
189213,0.13
189214,0.14
189224,0.1
189230,0.09
189251,0.08
189252,0.08
189255,0.06
189256,0.07
189257,0.11
189260,0.04
189261,0.16
189262,0.04
189263,0.08
189272,0.1
189282,0.06
189284,0.14
189294,0.08
189304,0.24
189314,0.22
189317,0.35
189333,0.04
189337,0.13
189347,0.08
189355,0.15
189357,0.23
189366,0.18
189374,0.15
189379,0.09
189388,0.14
189397,0.07
189418,0.18
189453,0.08
189458,0.07
189460,0.16
189481,0.05
189482,0.13
189483,0.15
189490,0.11
189491,0.11
189492,0.21
189511,0.13
189512,0.08
189518,0.13
189519,0.13
189531,0.11
189541,0.34
189550,0.11
189551,0.15
189559,0.16
189564,0.07
189573,0.17
189585,0.15
189587,0.18
189605,0.11
189612,0.11
189633,0.08
189640,0.12
189641,0.23
189643,0.11
189650,0.09
189652,0.12
189656,0.17
189661,0.2
189663,0.27
189684,0.12
189688,0.12
189711,0.18
189729,0.12
189747,0.23
189761,0.17
189773,0.1
189774,0.13
189779,0.19
189780,0.12
189796,0.12
189799,0.13
189800,0.13
189807,0.17
189808,0.13
189826,0.19
189836,0.07
189843,0.1
189845,0.09
189852,0.29
189853,0.23
189855,0.1
189866,0.18
189886,0.11
189888,0.13
189902,0.16
189907,0.17
189910,0.11
189922,0.07
189924,0.13
189933,0.13
189935,0.16
189939,0.09
189951,0.23
189965,0.08
189966,0.15
189977,0.11
189989,0.1
189990,0.24
190002,0.24
190006,0.2
190008,0.05
190009,0.13
190021,0.1
190058,0.12
190061,0.09
190069,0.2
190072,0.13
190078,0.23
190109,0.21
190112,0.21
190117,0.22
190132,0.08
190133,0.2
190153,0.18
190164,0.13
190167,0.11
190169,0.32
190179,0.3
190184,0.11
190188,0.07
190199,0.14
190200,0.17
190201,0.16
190227,0.14
190229,0.07
190245,0.07
190272,0.23
190274,0.22
190281,0.14
190282,0.2
190290,0.13
190299,0.29
190301,0.09
190304,0.17
190306,0.12
190311,0.12
190341,0.06
190354,0.08
190364,0.11
190368,0.17
190375,0.22
190383,0.1
190384,0.12
190387,0.05
190388,0.14
190392,0.16
190394,0.22
190405,0.23
190406,0.17
190412,0.13
190413,0.19
190431,0.09
190452,0.15
190454,0.18
190461,0.22
190475,0.09
190489,0.15
190507,0.1
190513,0.08
190515,0.2
190516,0.06
190522,0.07
190523,0.23
190526,0.18
190533,0.06
190537,0.16
190542,0.08
190545,0.11
190548,0.1
190555,0.18
190561,0.12
190562,0.1
190566,0.06
190581,0.13
190590,0.11
190591,0.17
190593,0.15
190612,0.14
190617,0.21
190618,0.09
190619,0.19
190643,0.19
190647,0.09
190663,0.07
190664,0.12
190678,0.09
190691,0.03
190697,0.13
190698,0.14
190701,0.31
190702,0.2
190713,0.09
190739,0.11
190744,0.18
190756,0.14
190767,0.23
190777,0.21
190808,0.13
190825,0.17
190830,0.22
190844,0.24
190855,0.13
190860,0.09
190861,0.09
190865,0.08
190884,0.13
190886,0.13
190887,0.18
190893,0.2
190899,0.13
190900,0.09
190901,0.11
190903,0.08
190909,0.2
190911,0.17
190916,0.14
190922,0.16
190926,0.17
190927,0.18
190929,0.12
190931,0.17
190948,0.04
190954,0.1
190957,0.09
190965,0.11
190978,0.15
190986,0.09
190990,0.1
190993,0.13
190998,0.06
190999,0.14
191028,0.15
191033,0.08
191042,0.2
191076,0.06
191114,0.06
191137,0.35
191138,0.1
191140,0.1
191141,0.11
191143,0.12
191145,0.11
191161,0.16
191167,0.1
191192,0.12
191199,0.19
191200,0.05
191205,0.09
191206,0.11
191214,0.08
191217,0.14
191222,0.12
191224,0.11
191232,0.25
191238,0.17
191243,0.06
191247,0.17
191250,0.1
191266,0.06
191278,0.18
191279,0.14
191282,0.09
191287,0.1
191290,0.09
191291,0.17
191296,0.18
191301,0.22
191304,0.08
191305,0.12
191306,0.22
191324,0.21
191359,0.02
191360,0.12
191362,0.1
191371,0.09
191379,0.1
191394,0.09
191413,0.26
191430,0.12
191435,0.12
191449,0.06
191452,0.16
191464,0.18
191465,0.09
191466,0.1
191469,0.16
191490,0.09
191494,0.19
191498,0.36
191506,0.19
191508,0.06
191509,0.13
191515,0.24
191524,0.1
191548,0.09
191562,0.04
191568,0.09
191596,0.11
191609,0.08
191619,0.09
191624,0.18
191628,0.07
191630,0.24
191648,0.28
191649,0.15
191654,0.17
191655,0.12
191659,0.14
191674,0.23
191675,0.18
191680,0.08
191681,0.13
191684,0.11
191686,0.04
191721,0.12
191722,0.12
191726,0.19
191727,0.11
191732,0.16
191735,0.1
191738,0.24
191745,0.18
191746,0.23
191751,0.12
191761,0.23
191772,0.06
191785,0.2
191794,0.08
191799,0.13
191806,0.21
191807,0.07
191809,0.3
191824,0.17
191826,0.06
191834,0.16
191837,0.14
191841,0.14
191845,0.14
191847,0.17
191850,0.16
191869,0.12
191873,0.18
191876,0.18
191878,0.2
191880,0.1
191881,0.1
191883,0.13
191898,0.15
191907,0.18
191910,0.08
191918,0.16
191920,0.12
191923,0.14
191942,0.18
191943,0.15
191951,0.16
191952,0.1
191958,0.13
191963,0.25
191971,0.21
191992,0.16
192000,0.2
192001,0.11
192008,0.1
192018,0.09
192029,0.05
192030,0.12
192031,0.16
192043,0.14
192045,0.09
192052,0.27
192056,0.08
192071,0.14
192082,0.14
192088,0.1
192103,0.12
192105,0.18
192119,0.02
192144,0.11
192151,0.16
192158,0.09
192163,0.13
192172,0.27
192176,0.07
192177,0.13
192212,0.1
192221,0.25
192223,0.15
192224,0.11
192238,0.21
192239,0.12
192252,0.34
192259,0.21
192268,0.1
192274,0.18
192276,0.31
192277,0.12
192289,0.12
192296,0.15
192308,0.1
192309,0.03
192315,0.14
192322,0.19
192324,0.04
192343,0.17
192345,0.08
192367,0.13
192375,0.17
192382,0.32
192389,0.11
192390,0.18
192391,0.18
192423,0.05
192427,0.04
192431,0.15
192433,0.09
192451,0.11
192453,0.11
192455,0.07
192468,0.1
192469,0.13
192474,0.03
192481,0.09
192482,0.12
192483,0.09
192486,0.25
192490,0.32
192491,0.15
192494,0.14
192507,0.09
192508,0.08
192509,0.16
192525,0.1
192526,0.16
192528,0.09
192535,0.11
192545,0.26
192548,0.14
192572,0.3
192594,0.15
192607,0.11
192625,0.21
192626,0.14
192631,0.12
192632,0.19
192636,0.15
192637,0.1
192655,0.11
192657,0.07
192674,0.09
192675,0.13
192680,0.21
192682,0.15
192686,0.13
192698,0.19
192703,0.07
192705,0.05
192717,0.13
192720,0.12
192721,0.23
192722,0.08
192728,0.05
192734,0.08
192739,0.17
192740,0.19
192752,0.18
192761,0.14
192770,0.04
192780,0.16
192782,0.12
192783,0.24
192789,0.36
192796,0.08
192800,0.07
192802,0.15
192811,0.12
192812,0.15
192815,0.14
192838,0.2
192861,0.18
192868,0.05
192872,0.16
192876,0.14
192877,0.16
192897,0.2
192898,0.18
192903,0.1
192904,0.16
192905,0.14
192911,0.24
192920,0.14
192921,0.07
192922,0.14
192942,0.11
192946,0.23
192963,0.14
192978,0.15
192979,0.18
192981,0.25
192991,0.11
192995,0.19
192998,0.23
193019,0.21
193027,0.07
193028,0.17
193032,0.07
193036,0.21
193044,0.1
193046,0.11
193049,0.06
193050,0.1
193054,0.1
193057,0.13
193060,0.2
193075,0.08
193088,0.06
193091,0.14
193112,0.08
193122,0.08
193123,0.19
193128,0.13
193133,0.08
193143,0.11
193150,0.2
193151,0.08
193160,0.29
193180,0.18
193198,0.12
193204,0.16
193207,0.16
193210,0.27
193225,0.07
193232,0.07
193248,0.23
193249,0.15
193262,0.13
193270,0.12
193273,0.05
193275,0.1
193286,0.09
193289,0.3
193290,0.13
193311,0.26
193321,0.06
193322,0.16
193340,0.18
193349,0.07
193368,0.12
193369,0.11
193375,0.09
193385,0.25
193389,0.06
193394,0.14
193396,0.15
193398,0.04
193402,0.16
193409,0.17
193421,0.11
193426,0.06
193430,0.14
193436,0.24
193437,0.12
193440,0.08
193441,0.19
193449,0.05
193462,0.08
193464,0.03
193468,0.09
193474,0.14
193475,0.13
193479,0.23
193484,0.17
193488,0.11
193496,0.09
193507,0.1
193510,0.16
193512,0.05
193514,0.11
193515,0.15
193516,0.19
193520,0.08
193522,0.19
193541,0.1
193545,0.08
193549,0.12
193554,0.14
193558,0.21
193568,0.12
193569,0.33
193579,0.13
193587,0.2
193589,0.09
193613,0.07
193642,0.11
193643,0.09
193647,0.09
193648,0.08
193663,0.12
193664,0.2
193665,0.11
193672,0.13
193675,0.13
193686,0.28
193692,0.14
193706,0.1
193725,0.05
193726,0.15
193727,0.11
193733,0.11
193738,0.17
193739,0.11
193745,0.2
193759,0.15
193767,0.04
193774,0.21
193776,0.06
193777,0.5
193787,0.28
193789,0.12
193793,0.08
193805,0.04
193808,0.1
193816,0.05
193817,0.09
193821,0.17
193831,0.24
193832,0.11
193874,0.21
193879,0.2
193882,0.12
193910,0.13
193915,0.19
193916,0.13
193921,0.32
193924,0.12
193926,0.08
193927,0.09
193949,0.07
193954,0.23
193966,0.23
193970,0.1
193971,0.11
193975,0.16
193980,0.23
193982,0.38
193983,0.1
193987,0.09
193997,0.12
194000,0.18
194013,0.19
194014,0.35
194026,0.12
194039,0.11
194042,0.12
194054,0.1
194057,0.15
194058,0.17
194068,0.11
194071,0.35
194073,0.12
194075,0.13
194093,0.16
194098,0.19
194105,0.14
194106,0.13
194110,0.12
194128,0.15
194137,0.15
194149,0.12
194150,0.09
194155,0.17
194157,0.12
194158,0.13
194164,0.07
194165,0.14
194166,0.08
194170,0.12
194171,0.06
194177,0.07
194187,0.13
194188,0.07
194213,0.11
194229,0.22
194230,0.16
194241,0.05
194243,0.04
194244,0.17
194276,0.08
194279,0.02
194280,0.16
194281,0.18
194291,0.11
194293,0.25
194306,0.05
194307,0.12
194308,0.11
194310,0.16
194314,0.07
194326,0.25
194330,0.1
194338,0.09
194366,0.13
194370,0.05
194371,0.13
194379,0.05
194382,0.15
194383,0.08
194395,0.34
194402,0.14
194406,0.16
194408,0.35
194413,0.18
194414,0.07
194419,0.2
194423,0.17
194424,0.1
194429,0.17
194436,0.03
194468,0.09
194469,0.1
194478,0.08
194480,0.25
194484,0.08
194505,0.2
194514,0.08
194516,0.08
194523,0.29
194526,0.08
194533,0.07
194534,0.06
194536,0.1
194548,0.11
194552,0.13
194558,0.12
194561,0.16
194563,0.13
194569,0.36
194581,0.28
194586,0.1
194590,0.12
194598,0.12
194600,0.12
194603,0.13
194604,0.16
194605,0.18
194607,0.12
194610,0.11
194620,0.13
194627,0.19
194650,0.11
194652,0.06
194659,0.07
194660,0.17
194662,0.1
194665,0.13
194675,0.12
194677,0.11
194679,0.12
194691,0.27
194696,0.08
194713,0.14
194716,0.06
194717,0.1
194725,0.09
194732,0.07
194737,0.17
194738,0.2
194769,0.07
194791,0.07
194802,0.24
194806,0.09
194810,0.12
194812,0.06
194813,0.06
194816,0.15
194827,0.1
194844,0.09
194856,0.1
194860,0.19
194866,0.18
194867,0.06
194877,0.18
194879,0.18
194880,0.09
194881,0.16
194887,0.02
194900,0.12
194906,0.1
194907,0.09
194908,0.25
194914,0.17
194934,0.2
194955,0.09
194956,0.11
194965,0.07
194966,0.17
194980,0.15
194985,0.16
194986,0.09
194995,0.17
194999,0.08
195000,0.15
195010,0.12
195013,0.09
195044,0.09
195048,0.21
195050,0.45
195051,0.12
195055,0.12
195070,0.13
195074,0.4
195075,0.21
195077,0.26
195081,0.21
195088,0.12
195089,0.06
195091,0.1
195096,0.35
195100,0.09
195103,0.17
195116,0.11
195117,0.15
195129,0.2
195151,0.08
195158,0.14
195164,0.15
195176,0.07
195186,0.23
195187,0.12
195198,0.08
195201,0.18
195207,0.11
195214,0.12
195215,0.11
195234,0.02
195235,0.14
195239,0.1
195240,0.15
195253,0.09
195255,0.13
195280,0.17
195291,0.14
195293,0.1
195300,0.09
195306,0.07
195307,0.13
195322,0.17
195326,0.23
195330,0.23
195341,0.19
195343,0.13
195367,0.15
195369,0.08
195371,0.09
195372,0.08
195389,0.22
195415,0.08
195435,0.18
195439,0.23
195440,0.13
195444,0.06
195447,0.09
195450,0.08
195451,0.07
195456,0.11
195457,0.15
195461,0.1
195462,0.24
195463,0.09
195466,0.08
195468,0.07
195469,0.16
195489,0.08
195495,0.22
195496,0.2
195504,0.09
195505,0.12
195506,0.21
195511,0.1
195518,0.22
195519,0.11
195529,0.05
195531,0.09
195546,0.09
195547,0.07
195552,0.11
195577,0.15
195579,0.07
195588,0.09
195597,0.11
195607,0.06
195617,0.12
195626,0.1
195632,0.21
195634,0.23
195635,0.11
195645,0.14
195648,0.09
195674,0.24
195691,0.16
195695,0.23
195703,0.15
195710,0.18
195711,0.11
195727,0.23
195729,0.05
195734,0.2
195739,0.1
195740,0.14
195746,0.23
195750,0.27
195769,0.26
195772,0.28
195785,0.1
195789,0.09
195793,0.16
195801,0.13
195803,0.12
195810,0.15
195818,0.11
195819,0.29
195823,0.1
195828,0.14
195836,0.08
195843,0.06
195858,0.13
195876,0.15
195890,0.29
195891,0.2
195900,0.09
195905,0.17
195910,0.13
195911,0.17
195912,0.1
195917,0.24
195918,0.21
195923,0.33
195937,0.17
195940,0.33
195945,0.11
195946,0.15
195948,0.07
195955,0.09
195957,0.14
195958,0.1
195959,0.34
195970,0.08
195974,0.16
195979,0.12
195990,0.08
196004,0.11
196007,0.25
196012,0.29
196019,0.13
196029,0.2
196034,0.07
196042,0.1
196066,0.23
196067,0.09
196071,0.08
196074,0.23
196075,0.06
196079,0.06
196080,0.22
196082,0.06
196083,0.17
196085,0.25
196115,0.1
196118,0.12
196128,0.12
196149,0.15
196150,0.08
196162,0.18
196194,0.16
196198,0.15
196204,0.13
196206,0.21
196210,0.24
196220,0.19
196221,0.1
196230,0.08
196236,0.19
196242,0.14
196256,0.24
196261,0.21
196274,0.19
196281,0.07
196303,0.04
196305,0.16
196322,0.1
196343,0.05
196346,0.14
196354,0.12
196357,0.14
196359,0.07
196360,0.27
196361,0.09
196364,0.21
196371,0.13
196375,0.12
196377,0.13
196378,0.13
196381,0.09
196384,0.05
196385,0.22
196388,0.25
196394,0.22
196400,0.34
196401,0.26
196404,0.21
196411,0.26
196436,0.13
196443,0.11
196444,0.18
196446,0.18
196475,0.12
196476,0.16
196486,0.07
196489,0.2
196492,0.12
196498,0.17
196500,0.04
196505,0.18
196507,0.08
196510,0.12
196514,0.08
196530,0.05
196544,0.02
196551,0.13
196578,0.1
196585,0.22
196587,0.08
196588,0.17
196594,0.22
196598,0.11
196605,0.1
196618,0.08
196619,0.2
196623,0.12
196624,0.14
196643,0.12
196649,0.15
196650,0.12
196656,0.06
196663,0.34
196667,0.29
196669,0.1
196681,0.21
196717,0.12
196726,0.17
196728,0.11
196729,0.2
196731,0.04
196736,0.12
196738,0.13
196745,0.09
196747,0.13
196748,0.15
196753,0.14
196757,0.17
196760,0.1
196777,0.27
196788,0.15
196799,0.06
196808,0.06
196819,0.15
196825,0.09
196826,0.12
196834,0.11
196841,0.32
196847,0.09
196849,0.18
196851,0.05
196867,0.13
196884,0.09
196889,0.09
196898,0.11
196901,0.05
196917,0.07
196930,0.14
196936,0.16
196956,0.07
196959,0.1
196962,0.14
196963,0.14
196971,0.21
196972,0.22
196977,0.1
196984,0.15
196985,0.25
197010,0.18
197029,0.19
197040,0.1
197058,0.21
197060,0.11
197064,0.27
197075,0.1
197083,0.2
197102,0.23
197103,0.24
197107,0.18
197129,0.17
197135,0.11
197140,0.03
197150,0.12
197152,0.1
197153,0.14
197154,0.13
197156,0.17
197166,0.25
197167,0.15
197177,0.06
197178,0.09
197187,0.15
197191,0.16
197205,0.19
197206,0.19
197219,0.16
197224,0.05
197245,0.13
197246,0.2
197273,0.24
197275,0.02
197278,0.14
197288,0.21
197290,0.14
197294,0.21
197295,0.14
197311,0.09
197314,0.22
197320,0.11
197321,0.34
197324,0.19
197327,0.21
197332,0.14
197333,0.3
197335,0.06
197348,0.09
197362,0.08
197363,0.23
197368,0.08
197378,0.17
197381,0.13
197384,0.06
197386,0.15
197393,0.19
197396,0.08
197400,0.17
197408,0.16
197412,0.06
197413,0.27
197415,0.03
197418,0.31
197427,0.12
197443,0.15
197448,0.18
197449,0.11
197470,0.17
197478,0.26
197482,0.22
197488,0.1
197491,0.07
197495,0.12
197498,0.14
197502,0.24
197507,0.16
197509,0.16
197510,0.12
197512,0.11
197513,0.08
197524,0.2
197525,0.14
197529,0.29
197533,0.1
197534,0.14
197540,0.14
197541,0.08
197559,0.15
197566,0.1
197582,0.09
197585,0.14
197587,0.24
197595,0.06
197598,0.06
197601,0.11
197603,0.09
197607,0.13
197611,0.24
197625,0.19
197631,0.15
197633,0.11
197638,0.14
197640,0.17
197644,0.04
197645,0.07
197646,0.11
197650,0.21
197657,0.21
197664,0.15
197668,0.1
197681,0.1
197682,0.21
197693,0.04
197695,0.2
197699,0.18
197709,0.1
197711,0.07
197715,0.07
197716,0.17
197722,0.13
197728,0.17
197729,0.15
197730,0.24
197744,0.09
197768,0.09
197770,0.08
197775,0.27
197788,0.1
197795,0.06
197806,0.18
197808,0.16
197812,0.18
197813,0.07
197822,0.12
197827,0.1
197828,0.09
197836,0.31
197857,0.12
197862,0.23
197872,0.11
197892,0.09
197903,0.07
197907,0.13
197908,0.15
197916,0.08
197921,0.04
197924,0.08
197930,0.13
197934,0.14
197942,0.13
197945,0.22
197958,0.06
197959,0.13
197967,0.08
197969,0.19
197978,0.17
197999,0.11
198001,0.2
198004,0.1
198007,0.08
198019,0.13
198020,0.06
198024,0.15
198026,0.16
198038,0.13
198044,0.07
198050,0.2
198054,0.26
198055,0.13
198082,0.09
198094,0.14
198095,0.08
198099,0.15
198101,0.13
198102,0.13
198114,0.22
198125,0.17
198127,0.09
198128,0.1
198137,0.14
198141,0.18
198142,0.19
198155,0.16
198179,0.15
198181,0.16
198184,0.09
198185,0.06
198186,0.11
198187,0.18
198193,0.11
198197,0.18
198209,0.06
198221,0.17
198225,0.24
198229,0.22
198237,0.2
198239,0.25
198247,0.15
198253,0.13
198272,0.08
198279,0.05
198282,0.12
198284,0.07
198285,0.1
198287,0.11
198294,0.08
198309,0.09
198312,0.08
198315,0.1
198323,0.05
198331,0.03
198333,0.26
198359,0.08
198370,0.08
198378,0.07
198379,0.1
198381,0.1
198383,0.16
198384,0.13
198385,0.11
198420,0.17
198421,0.15
198425,0.15
198427,0.18
198429,0.08
198437,0.09
198445,0.03
198452,0.11
198454,0.08
198487,0.11
198523,0.18
198528,0.23
198530,0.2
198539,0.15
198540,0.06
198547,0.11
198566,0.22
198568,0.03
198569,0.15
198595,0.14
198600,0.09
198614,0.08
198617,0.05
198619,0.19
198627,0.14
198640,0.05
198655,0.17
198664,0.21
198665,0.11
198666,0.24
198670,0.12
198673,0.26
198680,0.17
198689,0.11
198690,0.29
198702,0.03
198703,0.06
198704,0.28
198714,0.29
198715,0.13
198717,0.13
198718,0.09
198720,0.34
198721,0.1
198730,0.14
198739,0.15
198754,0.07
198761,0.11
198772,0.11
198774,0.13
198775,0.24
198779,0.09
198783,0.05
198790,0.18
198794,0.28
198798,0.15
198799,0.2
198802,0.21
198806,0.11
198847,0.1
198854,0.24
198858,0.08
198859,0.32
198865,0.13
198872,0.09
198874,0.15
198878,0.11
198883,0.2
198884,0.1
198891,0.17
198899,0.17
198907,0.2
198916,0.15
198917,0.25
198934,0.08
198937,0.16
198938,0.11
198941,0.21
198957,0.14
198966,0.1
198984,0.17
198997,0.05
199001,0.25
199003,0.21
199009,0.12
199011,0.09
199013,0.15
199015,0.11
199024,0.1
199026,0.18
199027,0.24
199029,0.18
199030,0.21
199041,0.13
199048,0.12
199057,0.15
199058,0.12
199062,0.08
199067,0.08
199070,0.16
199075,0.07
199076,0.1
199092,0.19
199096,0.08
199104,0.11
199114,0.12
199115,0.06
199117,0.2
199126,0.05
199131,0.15
199141,0.08
199145,0.05
199150,0.17
199151,0.05
199153,0.1
199166,0.1
199167,0.16
199177,0.2
199182,0.11
199183,0.21
199185,0.06
199212,0.11
199213,0.19
199222,0.31
199229,0.1
199230,0.14
199242,0.23
199243,0.09
199246,0.24
199247,0.13
199249,0.08
199262,0.17
199263,0.17
199275,0.16
199276,0.15
199287,0.11
199298,0.15
199304,0.19
199307,0.07
199311,0.14
199316,0.06
199320,0.25
199321,0.16
199325,0.13
199326,0.24
199327,0.14
199334,0.07
199344,0.25
199345,0.16
199352,0.14
199364,0.27
199378,0.16
199379,0.13
199387,0.11
199405,0.14
199418,0.19
199424,0.18
199425,0.06
199432,0.09
199433,0.12
199442,0.2
199446,0.08
199457,0.12
199458,0.08
199477,0.17
199522,0.14
199525,0.25
199533,0.13
199536,0.1
199537,0.13
199550,0.2
199560,0.12
199564,0.25
199575,0.16
199580,0.04
199586,0.04
199597,0.12
199598,0.16
199604,0.15
199608,0.24
199609,0.15
199616,0.1
199625,0.21
199648,0.24
199650,0.08
199655,0.06
199663,0.08
199670,0.07
199673,0.14
199685,0.14
199696,0.08
199703,0.17
199704,0.15
199706,0.1
199727,0.09
199740,0.28
199746,0.17
199764,0.13
199766,0.22
199785,0.12
199786,0.06
199795,0.17
199797,0.2
199803,0.25
199804,0.19
199810,0.08
199815,0.12
199822,0.1
199824,0.17
199828,0.15
199833,0.13
199840,0.15
199844,0.19
199846,0.13
199858,0.25
199862,0.16
199865,0.22
199866,0.17
199869,0.12
199870,0.09
199871,0.11
199878,0.13
199889,0.1
199891,0.1
199898,0.17
199903,0.07
199904,0.1
199924,0.11
199950,0.12
199954,0.09
199956,0.13
199962,0.21
199965,0.16
199971,0.08
199972,0.05
199988,0.22
199995,0.1
199997,0.11
199998,0.09
199999,0.11
200011,0.16
200012,0.08
200016,0.12
200019,0.07
200030,0.12
200031,0.21
200032,0.1
200038,0.26
200043,0.1
200044,0.27
200045,0.15
200053,0.28
200057,0.07
200061,0.1
200064,0.1
200071,0.2
200084,0.12
200085,0.05
200086,0.18
200093,0.18
200095,0.14
200105,0.1
200111,0.13
200116,0.42
200125,0.28
200126,0.21
200157,0.13
200173,0.26
200181,0.14
200185,0.07
200187,0.17
200193,0.16
200200,0.13
200202,0.08
200206,0.25
200207,0.13
200216,0.11
200229,0.19
200234,0.06
200241,0.2
200244,0.12
200258,0.16
200262,0.17
200268,0.31
200277,0.17
200286,0.13
200293,0.2
200299,0.2
200306,0.16
200335,0.06
200358,0.11
200366,0.11
200367,0.05
200370,0.12
200373,0.23
200374,0.14
200383,0.14
200387,0.2
200390,0.16
200391,0.09
200421,0.14
200437,0.16
200442,0.05
200447,0.08
200460,0.14
200463,0.16
200467,0.12
200487,0.12
200488,0.12
200490,0.13
200493,0.17
200494,0.11
200501,0.19
200506,0.21
200516,0.12
200518,0.12
200520,0.16
200523,0.15
200524,0.14
200525,0.17
200534,0.18
200538,0.13
200552,0.08
200556,0.05
200557,0.22
200567,0.1
200568,0.19
200570,0.1
200572,0.13
200576,0.07
200585,0.28
200587,0.18
200588,0.16
200593,0.13
200594,0.07
200595,0.19
200603,0.25
200615,0.1
200624,0.23
200631,0.3
200632,0.09
200636,0.15
200638,0.13
200641,0.18
200650,0.09
200653,0.11
200657,0.18
200668,0.16
200669,0.07
200670,0.09
200676,0.15
200697,0.09
200710,0.18
200720,0.12
200729,0.08
200749,0.11
200753,0.18
200755,0.15
200756,0.22
200757,0.3
200768,0.2
200776,0.15
200799,0.1
200801,0.09
200810,0.17
200823,0.08
200832,0.28
200836,0.12
200838,0.07
200864,0.12
200867,0.11
200869,0.17
200873,0.23
200876,0.12
200881,0.18
200883,0.08
200890,0.13
200895,0.14
200897,0.08
200899,0.06
200900,0.13
200907,0.12
200912,0.09
200926,0.17
200930,0.23
200971,0.11
200974,0.05
200979,0.08
200998,0.16
201008,0.13
201018,0.14
201026,0.1
201043,0.14
201049,0.07
201050,0.24
201061,0.11
201062,0.13
201072,0.1
201076,0.1
201077,0.08
201081,0.2
201084,0.18
201089,0.14
201092,0.09
201109,0.14
201110,0.13
201116,0.05
201122,0.2
201135,0.23
201143,0.14
201153,0.12
201159,0.18
201165,0.09
201187,0.22
201197,0.07
201218,0.22
201219,0.11
201231,0.09
201234,0.04
201243,0.14
201246,0.06
201254,0.23
201256,0.07
201262,0.39
201263,0.08
201272,0.17
201273,0.09
201281,0.16
201290,0.11
201294,0.13
201296,0.04
201320,0.08
201332,0.15
201342,0.12
201343,0.12
201347,0.2
201350,0.19
201351,0.16
201362,0.32
201363,0.12
201368,0.15
201373,0.17
201375,0.08
201378,0.16
201386,0.26
201387,0.05
201390,0.22
201393,0.27
201409,0.09
201442,0.17
201444,0.1
201447,0.25
201451,0.11
201474,0.2
201481,0.11
201491,0.13
201498,0.07
201499,0.24
201501,0.22
201502,0.08
201516,0.15
201517,0.17
201524,0.18
201526,0.24
201528,0.07
201532,0.06
201543,0.31
201544,0.19
201546,0.09
201552,0.17
201554,0.16
201556,0.12
201557,0.11
201559,0.22
201575,0.08
201592,0.2
201593,0.14
201600,0.11
201630,0.17
201631,0.18
201635,0.12
201638,0.2
201642,0.12
201645,0.09
201660,0.09
201663,0.11
201665,0.04
201674,0.14
201675,0.09
201677,0.12
201688,0.11
201698,0.19
201706,0.07
201709,0.09
201710,0.15
201718,0.07
201720,0.27
201727,0.19
201730,0.11
201732,0.08
201733,0.13
201736,0.12
201738,0.04
201744,0.18
201747,0.16
201751,0.15
201766,0.11
201777,0.1
201778,0.13
201785,0.3
201804,0.15
201808,0.2
201813,0.17
201815,0.08
201820,0.09
201825,0.15
201830,0.04
201838,0.16
201839,0.22
201845,0.15
201849,0.09
201850,0.17
201853,0.08
201856,0.1
201873,0.09
201875,0.12
201906,0.12
201907,0.12
201908,0.11
201909,0.07
201911,0.17
201927,0.11
201928,0.13
201937,0.15
201943,0.13
201946,0.11
201948,0.13
201949,0.2
201955,0.08
201962,0.14
201977,0.14
201996,0.16
201997,0.22
202004,0.18
202005,0.14
202006,0.2
202010,0.08
202020,0.15
202029,0.36
202033,0.11
202034,0.13
202040,0.16
202045,0.08
202048,0.12
202055,0.06
202058,0.06
202062,0.04
202073,0.15
202078,0.1
202079,0.13
202080,0.16
202085,0.19
202090,0.13
202092,0.15
202114,0.02
202124,0.09
202133,0.26
202136,0.13
202150,0.05
202156,0.12
202159,0.08
202165,0.1
202167,0.1
202168,0.07
202169,0.18
202170,0.11
202204,0.12
202209,0.08
202216,0.12
202220,0.1
202228,0.1
202229,0.08
202231,0.2
202232,0.12
202234,0.18
202252,0.15
202253,0.07
202272,0.1
202273,0.17
202292,0.02
202300,0.2
202302,0.18
202311,0.08
202316,0.13
202318,0.21
202324,0.12
202343,0.12
202344,0.08
202349,0.07
202351,0.24
202355,0.06
202379,0.25
202407,0.1
202409,0.2
202410,0.07
202422,0.09
202423,0.18
202435,0.21
202437,0.13
202438,0.19
202439,0.23
202441,0.09
202444,0.11
202446,0.1
202450,0.11
202455,0.14
202457,0.15
202461,0.18
202463,0.31
202473,0.14
202478,0.12
202484,0.23
202490,0.07
202491,0.17
202492,0.26
202497,0.17
202508,0.12
202509,0.14
202510,0.1
202511,0.1
202514,0.03
202524,0.04
202527,0.1
202547,0.1
202554,0.09
202557,0.15
202568,0.17
202573,0.16
202587,0.11
202599,0.08
202610,0.14
202613,0.12
202618,0.18
202621,0.04
202645,0.12
202646,0.07
202649,0.11
202653,0.17
202655,0.11
202656,0.13
202659,0.21
202661,0.06
202681,0.11
202688,0.19
202691,0.11
202692,0.05
202697,0.31
202698,0.2
202717,0.1
202720,0.29
202724,0.24
202725,0.21
202734,0.19
202740,0.06
202743,0.11
202746,0.14
202760,0.13
202761,0.08
202765,0.16
202769,0.17
202785,0.09
202793,0.18
202796,0.12
202805,0.05
202816,0.15
202823,0.15
202825,0.15
202829,0.12
202830,0.22
202848,0.18
202861,0.1
202862,0.19
202863,0.17
202879,0.18
202889,0.07
202894,0.18
202895,0.12
202897,0.07
202899,0.08
202900,0.2
202907,0.09
202927,0.17
202945,0.13
202951,0.19
202955,0.08
202960,0.12
202967,0.11
202972,0.08
202982,0.19
202993,0.06
202996,0.13
202998,0.08
203008,0.11
203026,0.22
203038,0.21
203044,0.1
203054,0.07
203070,0.25
203075,0.22
203082,0.06
203089,0.13
203090,0.07
203098,0.16
203108,0.15
203109,0.08
203113,0.14
203123,0.12
203124,0.1
203128,0.11
203129,0.23
203131,0.26
203142,0.12
203154,0.09
203175,0.11
203176,0.08
203183,0.16
203185,0.09
203195,0.11
203201,0.12
203205,0.13
203218,0.16
203241,0.08
203244,0.15
203245,0.13
203253,0.36
203259,0.11
203264,0.2
203276,0.09
203283,0.09
203286,0.1
203288,0.13
203290,0.12
203298,0.15
203300,0.05
203312,0.15
203318,0.05
203331,0.1
203337,0.08
203339,0.08
203344,0.09
203348,0.13
203349,0.16
203350,0.11
203358,0.16
203366,0.1
203371,0.18
203377,0.12
203399,0.08
203402,0.19
203407,0.41
203410,0.09
203421,0.12
203428,0.12
203431,0.21
203433,0.21
203459,0.13
203460,0.16
203462,0.08
203470,0.09
203475,0.24
203476,0.06
203496,0.15
203518,0.08
203547,0.1
203549,0.07
203550,0.05
203552,0.08
203561,0.09
203564,0.2
203567,0.06
203575,0.15
203590,0.15
203591,0.06
203605,0.23
203606,0.1
203640,0.09
203643,0.3
203647,0.16
203648,0.07
203669,0.1
203671,0.13
203692,0.08
203695,0.1
203706,0.08
203713,0.21
203730,0.1
203736,0.1
203745,0.18
203751,0.12
203753,0.11
203755,0.07
203762,0.14
203769,0.15
203774,0.16
203796,0.11
203799,0.06
203806,0.2
203807,0.15
203810,0.13
203816,0.16
203821,0.35
203822,0.17
203850,0.12
203854,0.09
203862,0.13
203868,0.1
203869,0.1
203870,0.07
203876,0.14
203878,0.12
203889,0.1
203897,0.07
203905,0.15
203914,0.14
203915,0.19
203950,0.12
203956,0.11
203957,0.08
203973,0.15
203975,0.16
203980,0.13
203997,0.13
204001,0.23
204008,0.09
204017,0.15
204020,0.12
204021,0.15
204026,0.21
204027,0.09
204043,0.08
204047,0.07
204055,0.16
204059,0.12
204060,0.16
204061,0.07
204073,0.15
204076,0.17
204086,0.13
204088,0.15
204102,0.14
204116,0.16
204117,0.12
204121,0.21
204129,0.17
204139,0.21
204148,0.14
204149,0.16
204175,0.14
204181,0.17
204183,0.12
204187,0.25
204193,0.2
204194,0.11
204195,0.12
204196,0.16
204202,0.14
204206,0.09
204207,0.24
204214,0.1
204222,0.09
204226,0.15
204227,0.14
204228,0.11
204231,0.13
204232,0.09
204235,0.26
204237,0.06
204239,0.09
204242,0.05
204254,0.13
204255,0.08
204259,0.1
204268,0.12
204280,0.05
204282,0.17
204307,0.03
204314,0.15
204318,0.1
204321,0.17
204330,0.1
204335,0.27
204339,0.19
204344,0.07
204350,0.12
204371,0.07
204372,0.18
204374,0.26
204383,0.05
204392,0.14
204403,0.08
204409,0.06
204416,0.08
204417,0.08
204437,0.24
204440,0.07
204445,0.11
204446,0.24
204449,0.24
204468,0.15
204504,0.13
204506,0.11
204536,0.07
204539,0.16
204601,0.11
204614,0.15
204616,0.25
204618,0.19
204623,0.14
204630,0.19
204636,0.06
204639,0.13
204642,0.1
204644,0.16
204648,0.12
204662,0.1
204673,0.18
204674,0.27
204681,0.11
204682,0.1
204683,0.21
204689,0.17
204690,0.14
204707,0.06
204728,0.17
204736,0.29
204740,0.1
204749,0.09
204756,0.02
204771,0.08
204778,0.05
204808,0.08
204822,0.18
204827,0.14
204831,0.12
204836,0.12
204837,0.1
204843,0.07
204846,0.1
204847,0.09
204850,0.13
204852,0.1
204854,0.15
204856,0.23
204857,0.24
204863,0.13
204870,0.1
204885,0.13
204895,0.07
204905,0.11
204911,0.11
204927,0.08
204929,0.11
204941,0.11
204959,0.18
204962,0.17
204965,0.26
204970,0.22
204971,0.07
204972,0.23
205000,0.28
205011,0.11
205013,0.14
205014,0.39
205019,0.09
205043,0.1
205045,0.17
205054,0.08
205066,0.09
205069,0.21
205070,0.09
205071,0.15
205073,0.14
205077,0.16
205078,0.11
205088,0.07
205104,0.15
205107,0.09
205117,0.09
205118,0.1
205128,0.33
205134,0.11
205140,0.11
205141,0.22
205142,0.09
205153,0.33
205158,0.11
205169,0.12
205170,0.15
205183,0.13
205184,0.14
205197,0.09
205199,0.15
205204,0.07
205208,0.06
205209,0.12
205210,0.2
205216,0.15
205219,0.21
205222,0.21
205225,0.1
205235,0.17
205236,0.1
205241,0.19
205244,0.14
205251,0.2
205252,0.16
205258,0.14
205262,0.14
205264,0.11
205274,0.26
205277,0.22
205281,0.1
205306,0.11
205307,0.2
205323,0.07
205336,0.24
205337,0.24
205360,0.16
205363,0.19
205365,0.1
205367,0.21
205368,0.07
205375,0.12
205403,0.08
205411,0.17
205415,0.15
205429,0.2
205434,0.22
205445,0.19
205463,0.08
205471,0.13
205472,0.18
205479,0.21
205480,0.14
205493,0.22
205503,0.14
205508,0.09
205524,0.1
205525,0.21
205526,0.12
205533,0.11
205542,0.09
205545,0.17
205552,0.12
205561,0.14
205563,0.09
205564,0.22
205565,0.08
205566,0.08
205569,0.12
205579,0.19
205585,0.09
205587,0.08
205588,0.14
205591,0.1
205594,0.1
205600,0.11
205608,0.13
205613,0.12
205618,0.11
205619,0.08
205623,0.06
205627,0.18
205628,0.21
205635,0.18
205638,0.06
205640,0.13
205641,0.29
205642,0.32
205643,0.18
205646,0.14
205655,0.25
205672,0.12
205678,0.13
205681,0.04
205682,0.04
205690,0.1
205693,0.11
205695,0.21
205724,0.08
205738,0.08
205741,0.09
205744,0.11
205750,0.08
205751,0.28
205752,0.07
205766,0.2
205773,0.15
205775,0.08
205776,0.13
205789,0.21
205793,0.19
205797,0.08
205798,0.06
205802,0.05
205806,0.14
205807,0.15
205815,0.23
205819,0.12
205821,0.21
205822,0.14
205831,0.08
205832,0.24
205836,0.09
205843,0.15
205862,0.12
205863,0.09
205866,0.32
205873,0.26
205877,0.08
205879,0.17
205880,0.12
205886,0.17
205898,0.1
205903,0.1
205907,0.09
205908,0.12
205909,0.09
205930,0.09
205931,0.09
205932,0.05
205951,0.05
205957,0.2
205960,0.15
205987,0.14
205994,0.24
205995,0.08
206006,0.19
206007,0.13
206013,0.17
206020,0.07
206030,0.1
206035,0.11
206038,0.08
206039,0.1
206061,0.08
206066,0.14
206068,0.14
206071,0.16
206076,0.22
206077,0.14
206091,0.08
206097,0.2
206101,0.2
206145,0.11
206147,0.09
206163,0.15
206171,0.13
206173,0.1
206174,0.07
206197,0.17
206198,0.16
206209,0.07
206211,0.18
206213,0.06
206246,0.22
206252,0.13
206253,0.13
206254,0.07
206257,0.11
206270,0.09
206283,0.08
206290,0.06
206291,0.07
206292,0.31
206307,0.15
206315,0.09
206319,0.2
206324,0.1
206326,0.23
206338,0.12
206339,0.08
206354,0.08
206359,0.09
206374,0.19
206377,0.05
206395,0.27
206403,0.09
206410,0.25
206413,0.13
206414,0.05
206418,0.16
206424,0.09
206427,0.13
206428,0.16
206429,0.08
206430,0.18
206447,0.07
206451,0.14
206465,0.15
206477,0.26
206484,0.13
206497,0.09
206517,0.08
206533,0.07
206542,0.19
206557,0.1
206563,0.14
206564,0.17
206565,0.04
206582,0.12
206593,0.24
206605,0.29
206606,0.13
206621,0.08
206639,0.21
206640,0.09
206641,0.1
206645,0.1
206656,0.11
206666,0.08
206679,0.12
206681,0.09
206684,0.09
206686,0.05
206687,0.1
206697,0.14
206700,0.11
206702,0.15
206703,0.13
206708,0.17
206710,0.11
206721,0.11
206723,0.1
206735,0.15
206739,0.16
206742,0.11
206744,0.15
206747,0.28
206752,0.1
206774,0.14
206776,0.14
206792,0.16
206799,0.29
206805,0.1
206806,0.28
206809,0.08
206812,0.23
206814,0.03
206830,0.11
206831,0.2
206878,0.24
206905,0.05
206908,0.14
206910,0.09
206917,0.07
206920,0.32
206927,0.1
206933,0.06
206945,0.18
206968,0.16
206987,0.1
206989,0.06
207017,0.24
207027,0.12
207029,0.15
207030,0.14
207035,0.1
207040,0.19
207043,0.17
207054,0.22
207055,0.12
207059,0.08
207060,0.09
207062,0.27
207071,0.23
207073,0.25
207079,0.15
207100,0.17
207107,0.1
207129,0.15
207132,0.13
207139,0.15
207148,0.19
207153,0.07
207163,0.27
207164,0.08
207168,0.07
207171,0.08
207173,0.2
207174,0.08
207181,0.17
207182,0.08
207198,0.1
207201,0.11
207213,0.16
207234,0.16
207238,0.15
207256,0.16
207257,0.11
207264,0.27
207268,0.39
207275,0.17
207291,0.1
207296,0.13
207304,0.18
207308,0.18
207314,0.08
207324,0.21
207332,0.05
207333,0.31
207339,0.09
207349,0.1
207351,0.11
207359,0.18
207361,0.09
207365,0.21
207369,0.1
207372,0.22
207377,0.12
207380,0.07
207394,0.11
207412,0.17
207423,0.13
207426,0.04
207427,0.33
207428,0.1
207430,0.26
207437,0.13
207440,0.13
207455,0.12
207456,0.16
207471,0.19
207476,0.09
207483,0.11
207497,0.11
207506,0.12
207515,0.16
207529,0.22
207533,0.11
207534,0.05
207541,0.2
207560,0.16
207561,0.18
207570,0.09
207600,0.1
207630,0.22
207633,0.13
207634,0.04
207635,0.11
207660,0.09
207682,0.12
207684,0.13
207687,0.11
207706,0.18
207708,0.12
207713,0.16
207714,0.1
207718,0.1
207721,0.11
207724,0.11
207727,0.14
207731,0.09
207732,0.12
207734,0.11
207739,0.11
207744,0.2
207787,0.18
207792,0.07
207801,0.18
207811,0.21
207817,0.2
207818,0.19
207819,0.11
207830,0.12
207834,0.1
207841,0.3
207844,0.1
207849,0.15
207856,0.04
207865,0.09
207867,0.14
207873,0.16
207882,0.09
207887,0.15
207888,0.09
207889,0.04
207907,0.09
207921,0.27
207922,0.11
207928,0.16
207930,0.2
207940,0.13
207941,0.2
207956,0.1
207960,0.09
207961,0.09
207968,0.17
207971,0.06
207972,0.12
207975,0.11
207976,0.18
207979,0.28
207997,0.13
207999,0.35
208008,0.18
208027,0.19
208030,0.04
208033,0.22
208035,0.24
208040,0.12
208052,0.19
208067,0.06
208090,0.06
208100,0.1
208102,0.14
208110,0.17
208117,0.04
208119,0.15
208123,0.1
208127,0.44
208136,0.14
208139,0.07
208140,0.13
208144,0.11
208149,0.12
208156,0.15
208166,0.21
208168,0.1
208170,0.15
208172,0.15
208178,0.25
208193,0.09
208195,0.05
208211,0.19
208213,0.12
208229,0.15
208231,0.19
208235,0.09
208238,0.16
208240,0.26
208249,0.12
208262,0.15
208263,0.21
208270,0.08
208288,0.11
208292,0.1
208302,0.08
208303,0.16
208312,0.07
208317,0.06
208322,0.21
208331,0.18
208336,0.09
208337,0.07
208339,0.23
208346,0.21
208353,0.09
208358,0.09
208359,0.14
208360,0.06
208370,0.11
208373,0.12
208390,0.1
208391,0.17
208394,0.11
208396,0.06
208397,0.15
208398,0.25
208400,0.15
208410,0.06
208420,0.08
208421,0.18
208431,0.13
208450,0.14
208451,0.2
208455,0.29
208478,0.11
208479,0.11
208482,0.17
208502,0.27
208516,0.1
208518,0.16
208534,0.17
208550,0.11
208551,0.1
208566,0.15
208567,0.19
208575,0.1
208576,0.05
208588,0.16
208590,0.09
208595,0.07
208619,0.13
208620,0.05
208627,0.27
208629,0.07
208642,0.18
208645,0.08
208661,0.05
208662,0.02
208679,0.08
208681,0.08
208689,0.13
208696,0.13
208701,0.11
208707,0.24
208719,0.08
208720,0.09
208730,0.11
208748,0.07
208753,0.25
208755,0.12
208769,0.09
208775,0.11
208785,0.12
208796,0.13
208806,0.11
208815,0.18
208830,0.17
208833,0.1
208837,0.13
208842,0.07
208860,0.06
208874,0.08
208886,0.13
208897,0.04
208898,0.23
208905,0.15
208907,0.08
208924,0.14
208925,0.1
208933,0.12
208941,0.14
208948,0.05
208960,0.13
208962,0.08
208963,0.1
208965,0.13
208973,0.08
208974,0.11
208986,0.15
208992,0.12
208995,0.16
209001,0.05
209006,0.21
209012,0.11
209022,0.1
209055,0.24
209056,0.15
209057,0.11
209060,0.16
209067,0.06
209071,0.1
209078,0.05
209080,0.13
209094,0.06
209097,0.12
209098,0.14
209101,0.15
209108,0.09
209109,0.12
209111,0.07
209116,0.2
209117,0.25
209121,0.1
209126,0.12
209127,0.09
209141,0.1
209142,0.12
209159,0.04
209164,0.21
209168,0.21
209177,0.13
209197,0.13
209202,0.08
209209,0.09
209211,0.08
209233,0.24
209234,0.12
209253,0.17
209260,0.18
209263,0.16
209268,0.05
209275,0.16
209288,0.23
209298,0.28
209305,0.09
209326,0.2
209340,0.14
209352,0.19
209362,0.21
209367,0.18
209369,0.08
209377,0.06
209387,0.12
209392,0.13
209393,0.09
209420,0.1
209423,0.17
209457,0.07
209458,0.12
209470,0.18
209479,0.14
209483,0.23
209488,0.24
209489,0.09
209497,0.06
209504,0.11
209510,0.18
209513,0.06
209547,0.09
209549,0.09
209556,0.13
209561,0.27
209565,0.15
209591,0.16
209595,0.2
209596,0.1
209608,0.19
209628,0.07
209643,0.17
209645,0.11
209651,0.16
209659,0.23
209660,0.13
209661,0.25
209665,0.14
209682,0.13
209687,0.23
209689,0.1
209699,0.11
209705,0.14
209707,0.14
209713,0.08
209717,0.14
209718,0.15
209723,0.19
209727,0.06
209729,0.08
209739,0.1
209741,0.21
209744,0.33
209748,0.17
209749,0.21
209758,0.04
209761,0.15
209764,0.19
209772,0.08
209773,0.18
209794,0.12
209795,0.23
209814,0.06
209828,0.2
209838,0.11
209839,0.2
209845,0.26
209855,0.07
209862,0.09
209869,0.05
209872,0.15
209879,0.19
209881,0.16
209882,0.27
209893,0.16
209913,0.08
209918,0.07
209920,0.24
209921,0.1
209929,0.11
209943,0.23
209957,0.09
209960,0.09
209962,0.12
209969,0.14
209980,0.17
209986,0.09
209989,0.1
209990,0.06
209991,0.2
210007,0.1
210016,0.09
210018,0.08
210019,0.07
210020,0.08
210036,0.2
210050,0.19
210080,0.09
210084,0.1
210089,0.21
210104,0.05
210129,0.14
210135,0.12
210137,0.17
210140,0.18
210145,0.06
210146,0.24
210147,0.05
210152,0.07
210157,0.1
210158,0.18
210164,0.2
210170,0.05
210171,0.07
210173,0.26
210174,0.18
210176,0.12
210190,0.13
210191,0.2
210195,0.21
210196,0.15
210201,0.1
210211,0.1
210231,0.06
210239,0.15
210241,0.11
210242,0.07
210255,0.14
210278,0.08
210283,0.1
210284,0.14
210304,0.08
210307,0.14
210330,0.17
210332,0.13
210350,0.23
210379,0.12
210385,0.15
210401,0.07
210405,0.13
210413,0.25
210414,0.28
210415,0.15
210419,0.12
210429,0.06
210467,0.22
210481,0.11
210482,0.07
210492,0.06
210502,0.25
210523,0.17
210525,0.16
210529,0.15
210538,0.08
210543,0.15
210549,0.13
210551,0.16
210555,0.18
210558,0.31
210591,0.06
210597,0.22
210599,0.2
210610,0.04
210616,0.16
210618,0.16
210622,0.3
210639,0.23
210645,0.04
210650,0.07
210672,0.11
210676,0.2
210683,0.14
210697,0.24
210701,0.06
210706,0.21
210712,0.17
210717,0.18
210728,0.2
210729,0.12
210730,0.26
210731,0.06
210733,0.17
210735,0.1
210742,0.12
210748,0.12
210749,0.2
210758,0.09
210767,0.16
210769,0.25
210777,0.1
210789,0.04
210791,0.1
210794,0.19
210811,0.09
210814,0.21
210821,0.15
210833,0.1
210835,0.09
210859,0.13
210862,0.1
210870,0.15
210886,0.09
210893,0.15
210901,0.08
210906,0.25
210913,0.2
210953,0.06
210961,0.05
210962,0.13
210966,0.15
210983,0.17
211000,0.13
211025,0.19
211036,0.06
211043,0.15
211062,0.31
211076,0.09
211085,0.21
211096,0.03
211097,0.23
211098,0.13
211103,0.13
211108,0.17
211131,0.26
211135,0.24
211139,0.07
211146,0.12
211150,0.15
211158,0.07
211170,0.24
211177,0.11
211183,0.12
211187,0.16
211191,0.09
211194,0.17
211196,0.21
211203,0.09
211209,0.24
211210,0.18
211211,0.12
211232,0.09
211244,0.13
211263,0.14
211264,0.08
211270,0.18
211278,0.06
211292,0.11
211293,0.15
211295,0.15
211296,0.17
211308,0.21
211310,0.15
211312,0.15
211325,0.12
211326,0.04
211330,0.13
211333,0.1
211341,0.15
211342,0.13
211350,0.12
211355,0.19
211357,0.17
211358,0.13
211362,0.13
211377,0.02
211378,0.22
211379,0.19
211384,0.21
211395,0.22
211398,0.09
211399,0.12
211417,0.12
211419,0.19
211420,0.14
211439,0.26
211442,0.18
211451,0.11
211457,0.13
211469,0.11
211483,0.07
211505,0.1
211508,0.09
211509,0.13
211510,0.18
211526,0.09
211547,0.09
211548,0.1
211550,0.02
211551,0.14
211553,0.18
211562,0.16
211563,0.06
211564,0.17
211565,0.15
211571,0.3
211572,0.31
211577,0.14
211580,0.15
211609,0.27
211625,0.17
211635,0.22
211646,0.21
211660,0.14
211670,0.12
211672,0.09
211688,0.07
211694,0.16
211696,0.09
211711,0.27
211718,0.05
211732,0.08
211735,0.16
211736,0.12
211740,0.12
211741,0.1
211746,0.07
211751,0.2
211754,0.13
211770,0.13
211771,0.14
211787,0.25
211788,0.1
211802,0.1
211804,0.11
211810,0.2
211832,0.16
211839,0.06
211860,0.16
211863,0.18
211866,0.1
211869,0.12
211872,0.06
211894,0.14
211901,0.11
211902,0.25
211903,0.16
211946,0.13
211950,0.14
211959,0.09
211964,0.16
211965,0.13
211979,0.15
211983,0.14
211986,0.09
211987,0.09
211988,0.14
211999,0.09
212002,0.05
212004,0.14
212009,0.16
212015,0.21
212023,0.15
212048,0.04
212055,0.08
212067,0.08
212079,0.12
212080,0.05
212083,0.08
212085,0.14
212088,0.11
212089,0.22
212092,0.08
212097,0.12
212124,0.05
212132,0.12
212136,0.15
212144,0.05
212145,0.13
212167,0.14
212174,0.31
212175,0.14
212187,0.33
212191,0.08
212194,0.16
212238,0.15
212242,0.13
212245,0.1
212258,0.1
212262,0.14
212277,0.06
212283,0.14
212287,0.13
212288,0.1
212289,0.07
212293,0.18
212296,0.21
212300,0.2
212303,0.06
212326,0.14
212327,0.1
212328,0.12
212329,0.13
212339,0.14
212340,0.05
212343,0.12
212360,0.12
212389,0.17
212401,0.1
212407,0.13
212409,0.05
212422,0.04
212424,0.16
212440,0.09
212441,0.25
212443,0.03
212448,0.1
212472,0.18
212478,0.1
212481,0.04
212493,0.18
212508,0.13
212511,0.1
212525,0.14
212531,0.12
212533,0.15
212555,0.07
212592,0.17
212610,0.07
212621,0.14
212629,0.16
212635,0.08
212636,0.11
212637,0.14
212643,0.14
212648,0.15
212654,0.23
212655,0.22
212660,0.18
212661,0.17
212664,0.1
212669,0.1
212670,0.07
212674,0.25
212676,0.23
212690,0.12
212691,0.1
212696,0.06
212710,0.12
212712,0.09
212716,0.12
212718,0.14
212720,0.17
212723,0.1
212730,0.1
212740,0.09
212747,0.16
212763,0.15
212773,0.09
212775,0.06
212776,0.06
212777,0.18
212781,0.1
212782,0.25
212785,0.09
212786,0.22
212795,0.09
212800,0.17
212818,0.14
212834,0.14
212837,0.13
212841,0.15
212842,0.17
212847,0.27
212848,0.07
212851,0.14
212865,0.12
212866,0.14
212874,0.17
212880,0.09
212894,0.18
212897,0.12
212912,0.15
212913,0.14
212916,0.17
212917,0.05
212933,0.11
212935,0.1
212936,0.13
212950,0.22
212957,0.17
212958,0.19
212961,0.19
212962,0.13
212963,0.19
212964,0.2
212968,0.14
212969,0.1
212976,0.08
212978,0.07
212983,0.15
212993,0.23
213004,0.1
213008,0.04
213014,0.1
213018,0.15
213021,0.02
213024,0.13
213045,0.21
213054,0.09
213059,0.2
213076,0.18
213095,0.12
213096,0.11
213100,0.08
213101,0.06
213109,0.12
213111,0.09
213116,0.09
213133,0.13
213140,0.11
213141,0.12
213143,0.36
213150,0.17
213152,0.12
213158,0.19
213159,0.12
213166,0.18
213167,0.33
213170,0.29
213178,0.23
213179,0.08
213189,0.16
213196,0.13
213201,0.07
213203,0.14
213204,0.07
213205,0.11
213206,0.11
213207,0.16
213208,0.12
213212,0.12
213214,0.13
213220,0.15
213240,0.11
213244,0.15
213263,0.35
213264,0.22
213265,0.05
213270,0.17
213283,0.14
213287,0.17
213292,0.11
213295,0.08
213299,0.16
213303,0.14
213307,0.11
213308,0.05
213312,0.15
213313,0.1
213316,0.08
213317,0.14
213338,0.26
213357,0.14
213368,0.14
213374,0.17
213375,0.15
213386,0.24
213390,0.1
213393,0.14
213401,0.14
213423,0.11
213430,0.11
213431,0.18
213447,0.08
213465,0.13
213468,0.15
213473,0.13
213475,0.11
213476,0.09
213482,0.11
213493,0.17
213531,0.23
213534,0.11
213542,0.12
213546,0.11
213569,0.14
213570,0.09
213588,0.07
213591,0.11
213595,0.07
213597,0.15
213598,0.14
213604,0.18
213622,0.16
213623,0.21
213633,0.05
213639,0.13
213641,0.1
213649,0.17
213671,0.09
213675,0.16
213679,0.19
213680,0.19
213684,0.12
213685,0.1
213689,0.15
213691,0.22
213693,0.09
213712,0.06
213717,0.06
213734,0.14
213739,0.39
213765,0.21
213775,0.07
213776,0.2
213804,0.27
213808,0.05
213818,0.21
213821,0.12
213829,0.16
213836,0.12
213838,0.16
213843,0.08
213854,0.14
213859,0.14
213862,0.29
213874,0.08
213878,0.21
213886,0.14
213888,0.11
213892,0.14
213910,0.14
213921,0.13
213926,0.07
213928,0.03
213935,0.09
213949,0.12
213957,0.16
213959,0.17
213967,0.17
213974,0.13
213975,0.2
213983,0.12
213984,0.11
213998,0.13
214004,0.11
214006,0.12
214008,0.13
214014,0.08
214015,0.11
214034,0.15
214059,0.18
214067,0.11
214077,0.16
214078,0.09
214079,0.08
214085,0.14
214088,0.12
214099,0.16
214138,0.1
214141,0.08
214152,0.18
214154,0.05
214155,0.09
214177,0.14
214188,0.15
214192,0.18
214207,0.14
214217,0.06
214219,0.15
214228,0.26
214229,0.19
214233,0.07
214236,0.18
214242,0.04
214249,0.08
214263,0.09
214264,0.1
214265,0.03
214268,0.13
214281,0.03
214282,0.15
214295,0.13
214311,0.13
214315,0.09
214325,0.1
214334,0.16
214336,0.02
214337,0.18
214342,0.3
214344,0.13
214349,0.13
214355,0.02
214356,0.11
214358,0.12
214363,0.14
214364,0.07
214371,0.14
214377,0.21
214379,0.04
214383,0.16
214406,0.09
214407,0.2
214411,0.18
214415,0.18
214418,0.19
214419,0.09
214421,0.07
214430,0.03
214436,0.07
214463,0.14
214472,0.3
214474,0.22
214476,0.12
214478,0.11
214481,0.16
214484,0.08
214488,0.18
214491,0.12
214505,0.08
214507,0.19
214510,0.1
214518,0.19
214523,0.29
214539,0.17
214542,0.14
214544,0.11
214553,0.04
214554,0.07
214561,0.05
214563,0.13
214566,0.11
214581,0.1
214587,0.07
214588,0.21
214589,0.15
214593,0.07
214620,0.19
214630,0.21
214643,0.1
214644,0.24
214647,0.19
214654,0.11
214657,0.2
214658,0.07
214662,0.1
214666,0.11
214680,0.09
214685,0.09
214693,0.12
214701,0.1
214705,0.09
214706,0.13
214719,0.1
214721,0.36
214724,0.09
214741,0.14
214769,0.16
214777,0.14
214780,0.17
214786,0.08
214789,0.13
214797,0.12
214804,0.09
214808,0.2
214810,0.17
214828,0.32
214830,0.13
214835,0.14
214844,0.11
214859,0.32
214861,0.1
214863,0.08
214887,0.06
214898,0.05
214906,0.18
214913,0.11
214915,0.25
214937,0.04
214944,0.18
214948,0.11
214970,0.16
214976,0.09
214999,0.28
215000,0.23
215016,0.11
215024,0.07
215029,0.24
215033,0.32
215037,0.25
215054,0.11
215057,0.13
215064,0.03
215074,0.12
215077,0.16
215082,0.11
215096,0.13
215101,0.21
215103,0.14
215109,0.09
215124,0.05
215142,0.14
215143,0.06
215145,0.15
215157,0.09
215159,0.05
215161,0.19
215166,0.18
215177,0.13
215186,0.15
215194,0.19
215196,0.13
215204,0.2
215211,0.13
215230,0.3
215241,0.06
215256,0.17
215257,0.12
215266,0.1
215267,0.01
215268,0.09
215278,0.17
215280,0.26
215318,0.19
215326,0.06
215331,0.17
215337,0.08
215344,0.14
215346,0.14
215348,0.15
215351,0.07
215358,0.13
215360,0.16
215367,0.08
215369,0.07
215383,0.08
215395,0.12
215407,0.1
215408,0.11
215412,0.08
215433,0.05
215454,0.11
215463,0.12
215488,0.08
215508,0.19
215512,0.06
215516,0.11
215525,0.18
215531,0.12
215534,0.2
215537,0.14
215539,0.04
215548,0.17
215554,0.09
215556,0.08
215559,0.11
215560,0.08
215563,0.09
215564,0.12
215569,0.13
215574,0.3
215586,0.2
215594,0.16
215608,0.07
215614,0.15
215623,0.15
215628,0.19
215637,0.19
215638,0.19
215649,0.16
215651,0.11
215653,0.25
215678,0.11
215708,0.09
215711,0.16
215733,0.16
215739,0.06
215742,0.13
215756,0.11
215772,0.11
215775,0.22
215791,0.15
215796,0.2
215803,0.15
215805,0.1
215807,0.19
215829,0.09
215855,0.12
215856,0.16
215860,0.11
215861,0.06
215877,0.12
215883,0.09
215889,0.22
215897,0.15
215898,0.1
215901,0.04
215908,0.15
215910,0.44
215911,0.1
215923,0.12
215928,0.14
215934,0.2
215936,0.09
215947,0.05
215951,0.05
215958,0.08
215959,0.11
215963,0.12
215968,0.26
215972,0.17
215976,0.13
215978,0.18
215981,0.1
215999,0.03
216001,0.22
216012,0.14
216020,0.25
216035,0.11
216038,0.24
216041,0.13
216049,0.18
216065,0.14
216096,0.22
216110,0.07
216115,0.15
216121,0.1
216122,0.23
216129,0.07
216131,0.17
216138,0.09
216142,0.17
216143,0.04
216150,0.13
216180,0.17
216184,0.09
216189,0.2
216190,0.25
216197,0.13
216218,0.36
216219,0.11
216221,0.12
216231,0.03
216240,0.15
216272,0.1
216281,0.15
216284,0.08
216290,0.19
216297,0.12
216305,0.1
216306,0.18
216317,0.16
216333,0.06
216338,0.13
216339,0.15
216346,0.12
216349,0.13
216350,0.09
216351,0.04
216353,0.07
216355,0.11
216364,0.24
216387,0.13
216392,0.09
216393,0.18
216399,0.06
216416,0.14
216433,0.1
216435,0.1
216442,0.18
216458,0.17
216461,0.19
216468,0.13
216469,0.12
216471,0.18
216473,0.14
216475,0.13
216496,0.05
216510,0.14
216511,0.07
216515,0.11
216516,0.2
216521,0.04
216532,0.11
216548,0.08
216551,0.17
216560,0.07
216562,0.17
216563,0.12
216565,0.1
216582,0.11
216587,0.07
216589,0.07
216597,0.17
216606,0.11
216607,0.12
216608,0.25
216621,0.11
216622,0.11
216627,0.15
216636,0.15
216647,0.07
216655,0.15
216659,0.15
216666,0.21
216676,0.16
216677,0.21
216679,0.16
216681,0.05
216686,0.06
216687,0.15
216694,0.15
216697,0.05
216714,0.13
216719,0.05
216720,0.11
216721,0.12
216723,0.19
216740,0.12
216746,0.13
216747,0.08
216751,0.18
216758,0.2
216768,0.1
216778,0.19
216786,0.14
216801,0.09
216802,0.24
216807,0.1
216808,0.12
216810,0.14
216818,0.1
216823,0.07
216826,0.14
216827,0.09
216828,0.07
216840,0.26
216844,0.07
216845,0.13
216851,0.17
216857,0.09
216858,0.14
216862,0.15
216874,0.14
216880,0.16
216900,0.16
216902,0.08
216903,0.13
216904,0.08
216931,0.12
216936,0.09
216938,0.3
216952,0.14
216954,0.08
216955,0.11
216961,0.15
216981,0.2
216985,0.06
216992,0.13
216995,0.09
216997,0.06
216998,0.14
216999,0.07
217022,0.19
217034,0.1
217038,0.1
217050,0.13
217055,0.18
217064,0.2
217071,0.1
217078,0.17
217083,0.11
217084,0.06
217086,0.27
217096,0.15
217101,0.18
217109,0.11
217118,0.17
217121,0.21
217125,0.13
217130,0.18
217136,0.2
217137,0.1
217143,0.08
217148,0.13
217155,0.13
217162,0.1
217172,0.14
217174,0.1
217175,0.27
217177,0.13
217178,0.19
217192,0.09
217220,0.07
217221,0.16
217223,0.07
217232,0.21
217243,0.16
217248,0.14
217250,0.14
217271,0.08
217283,0.07
217297,0.25
217323,0.21
217326,0.08
217334,0.08
217338,0.03
217341,0.24
217342,0.12
217355,0.07
217362,0.15
217366,0.14
217367,0.18
217371,0.17
217383,0.21
217401,0.15
217404,0.14
217419,0.18
217422,0.13
217423,0.07
217427,0.11
217429,0.15
217430,0.05
217441,0.14
217444,0.09
217465,0.22
217471,0.13
217488,0.09
217493,0.09
217509,0.21
217510,0.08
217511,0.23
217519,0.12
217522,0.21
217562,0.12
217574,0.14
217577,0.1
217579,0.12
217596,0.16
217602,0.05
217612,0.11
217632,0.12
217635,0.14
217636,0.22
217638,0.19
217639,0.21
217651,0.08
217652,0.11
217663,0.34
217669,0.05
217686,0.07
217699,0.07
217700,0.18
217703,0.12
217706,0.19
217714,0.23
217732,0.14
217736,0.1
217749,0.34
217763,0.15
217770,0.06
217771,0.06
217772,0.2
217776,0.08
217777,0.11
217778,0.21
217782,0.07
217790,0.19
217792,0.07
217793,0.13
217795,0.24
217796,0.08
217800,0.07
217804,0.1
217807,0.12
217846,0.21
217847,0.2
217853,0.1
217856,0.17
217864,0.13
217867,0.14
217868,0.3
217885,0.16
217887,0.18
217889,0.16
217900,0.17
217903,0.11
217905,0.18
217909,0.14
217913,0.06
217944,0.13
217946,0.11
217954,0.18
217956,0.09
217957,0.16
217961,0.34
217962,0.08
217976,0.11
217980,0.15
217981,0.12
218006,0.09
218009,0.12
218032,0.2
218049,0.08
218053,0.1
218078,0.15
218080,0.13
218081,0.04
218094,0.18
218098,0.08
218099,0.17
218100,0.12
218113,0.05
218117,0.18
218118,0.08
218119,0.1
218125,0.08
218133,0.07
218153,0.11
218165,0.15
218166,0.12
218177,0.11
218178,0.09
218202,0.09
218203,0.21
218207,0.21
218209,0.12
218236,0.11
218244,0.13
218247,0.07
218250,0.14
218266,0.14
218275,0.12
218276,0.07
218287,0.18
218292,0.1
218298,0.15
218300,0.08
218320,0.14
218321,0.17
218333,0.05
218347,0.05
218353,0.05
218366,0.08
218368,0.11
218369,0.12
218372,0.13
218376,0.17
218378,0.14
218403,0.17
218413,0.22
218418,0.13
218449,0.3
218450,0.17
218458,0.03
218464,0.12
218475,0.13
218476,0.16
218478,0.15
218515,0.11
218517,0.1
218518,0.19
218538,0.07
218539,0.22
218550,0.21
218551,0.06
218565,0.22
218580,0.09
218591,0.16
218598,0.1
218600,0.11
218602,0.08
218607,0.13
218651,0.08
218652,0.09
218656,0.34
218658,0.1
218669,0.15
218670,0.08
218671,0.15
218677,0.18
218680,0.13
218685,0.12
218686,0.21
218692,0.19
218693,0.13
218699,0.23
218709,0.08
218729,0.21
218734,0.06
218742,0.06
218743,0.13
218756,0.12
218772,0.23
218782,0.11
218786,0.1
218788,0.14
218796,0.08
218801,0.09
218812,0.17
218832,0.14
218834,0.11
218846,0.25
218847,0.26
218848,0.08
218853,0.16
218865,0.09
218870,0.16
218873,0.08
218884,0.07
218893,0.09
218898,0.02
218911,0.12
218933,0.21
218934,0.12
218939,0.1
218948,0.08
218957,0.15
218962,0.25
218973,0.08
218975,0.16
219000,0.09
219001,0.17
219006,0.09
219027,0.1
219036,0.14
219043,0.2
219047,0.12
219057,0.09
219059,0.4
219062,0.14
219074,0.1
219085,0.11
219087,0.1
219095,0.09
219114,0.07
219115,0.22
219119,0.12
219140,0.17
219147,0.11
219170,0.06
219171,0.17
219174,0.14
219177,0.15
219180,0.04
219195,0.07
219203,0.09
219207,0.12
219223,0.13
219229,0.09
219236,0.09
219238,0.22
219243,0.18
219245,0.09
219247,0.25
219273,0.12
219278,0.19
219279,0.14
219284,0.18
219319,0.08
219326,0.17
219336,0.16
219344,0.17
219359,0.16
219360,0.09
219364,0.16
219368,0.1
219376,0.13
219382,0.1
219388,0.16
219396,0.11
219398,0.13
219403,0.07
219405,0.11
219406,0.2
219410,0.23
219424,0.08
219446,0.15
219450,0.12
219451,0.17
219464,0.12
219465,0.15
219469,0.11
219472,0.25
219482,0.12
219506,0.07
219507,0.15
219516,0.2
219521,0.22
219564,0.35
219565,0.05
219568,0.08
219570,0.08
219578,0.09
219579,0.3
219588,0.11
219593,0.14
219594,0.07
219601,0.09
219608,0.16
219616,0.14
219620,0.17
219621,0.09
219628,0.07
219632,0.19
219637,0.14
219670,0.09
219688,0.07
219704,0.17
219717,0.15
219723,0.23
219741,0.15
219772,0.12
219774,0.18
219775,0.09
219778,0.15
219787,0.21
219788,0.1
219806,0.15
219811,0.11
219815,0.11
219817,0.07
219835,0.1
219845,0.06
219848,0.05
219864,0.15
219866,0.13
219868,0.11
219870,0.16
219886,0.15
219908,0.17
219910,0.12
219914,0.16
219925,0.18
219935,0.18
219940,0.13
219959,0.21
219962,0.15
219975,0.1
219981,0.2
219998,0.1
219999,0.14
220006,0.12
220010,0.25
220012,0.09
220014,0.13
220018,0.09
220019,0.23
220021,0.14
220058,0.14
220060,0.23
220061,0.09
220063,0.13
220066,0.16
220070,0.17
220071,0.15
220082,0.11
220094,0.08
220107,0.08
220114,0.16
220120,0.1
220126,0.08
220143,0.08
220147,0.11
220157,0.1
220160,0.21
220169,0.1
220177,0.1
220181,0.09
220186,0.09
220189,0.05
220206,0.34
220221,0.15
220227,0.11
220228,0.15
220248,0.15
220277,0.15
220304,0.3
220311,0.11
220315,0.15
220316,0.09
220323,0.06
220325,0.17
220358,0.08
220363,0.11
220369,0.06
220370,0.08
220380,0.13
220386,0.23
220387,0.16
220393,0.12
220394,0.1
220412,0.23
220415,0.11
220416,0.21
220417,0.13
220418,0.12
220422,0.1
220431,0.11
220439,0.2
220456,0.08
220458,0.13
220468,0.17
220474,0.03
220479,0.07
220494,0.04
220501,0.22
220503,0.15
220511,0.05
220514,0.12
220516,0.24
220521,0.17
220530,0.07
220562,0.14
220565,0.09
220582,0.17
220594,0.11
220600,0.33
220614,0.1
220621,0.2
220624,0.19
220629,0.14
220632,0.07
220639,0.06
220655,0.05
220664,0.06
220670,0.07
220686,0.11
220699,0.12
220714,0.2
220729,0.13
220732,0.24
220733,0.07
220735,0.13
220740,0.09
220741,0.09
220747,0.13
220748,0.1
220749,0.09
220755,0.13
220764,0.12
220767,0.17
220772,0.12
220779,0.1
220781,0.05
220790,0.12
220806,0.17
220811,0.13
220816,0.1
220822,0.1
220827,0.15
220828,0.09
220829,0.14
220832,0.05
220833,0.15
220841,0.21
220842,0.14
220856,0.08
220874,0.12
220881,0.15
220882,0.1
220887,0.09
220893,0.02
220909,0.1
220916,0.18
220917,0.25
220918,0.16
220924,0.09
220931,0.16
220932,0.17
220949,0.11
220950,0.13
220956,0.14
220972,0.13
220994,0.08
221004,0.29
221008,0.2
221011,0.09
221030,0.08
221032,0.07
221035,0.06
221058,0.22
221059,0.14
221075,0.1
221079,0.15
221080,0.18
221107,0.13
221116,0.31
221129,0.17
221148,0.07
221158,0.08
221165,0.09
221169,0.14
221171,0.16
221198,0.28
221202,0.09
221205,0.24
221223,0.12
221227,0.1
221228,0.09
221234,0.08
221242,0.09
221252,0.24
221256,0.05
221260,0.15
221261,0.15
221264,0.1
221267,0.16
221272,0.13
221284,0.14
221292,0.16
221311,0.11
221322,0.11
221327,0.17
221339,0.13
221371,0.09
221372,0.1
221404,0.1
221411,0.08
221438,0.15
221451,0.13
221465,0.2
221477,0.08
221483,0.17
221493,0.2
221495,0.05
221498,0.17
221500,0.12
221506,0.12
221513,0.21
221523,0.16
221528,0.13
221529,0.19
221530,0.11
221531,0.11
221549,0.17
221550,0.07
221565,0.24
221570,0.2
221573,0.06
221575,0.04
221576,0.25
221604,0.22
221615,0.14
221626,0.08
221629,0.21
221630,0.12
221636,0.19
221656,0.15
221659,0.12
221663,0.13
221665,0.14
221675,0.25
221676,0.16
221677,0.16
221679,0.05
221707,0.08
221712,0.12
221717,0.14
221725,0.11
221733,0.09
221741,0.03
221747,0.08
221762,0.12
221763,0.06
221770,0.14
221771,0.1
221787,0.15
221793,0.06
221804,0.12
221805,0.11
221825,0.07
221827,0.24
221828,0.16
221829,0.08
221845,0.12
221859,0.11
221860,0.11
221867,0.17
221868,0.16
221870,0.16
221876,0.2
221884,0.2
221895,0.13
221911,0.09
221921,0.21
221931,0.23
221935,0.08
221955,0.11
221959,0.1
221966,0.12
221974,0.07
221981,0.07
222002,0.2
222010,0.12
222012,0.09
222013,0.19
222023,0.23
222034,0.16
222048,0.18
222052,0.24
222059,0.14
222060,0.17
222061,0.08
222067,0.14
222076,0.18
222081,0.23
222120,0.14
222121,0.07
222133,0.18
222149,0.15
222150,0.13
222153,0.2
222154,0.06
222159,0.11
222165,0.15
222167,0.09
222170,0.2
222178,0.28
222179,0.14
222188,0.1
222189,0.12
222195,0.04
222198,0.18
222224,0.08
222234,0.08
222254,0.12
222256,0.11
222264,0.15
222281,0.09
222296,0.36
222303,0.24
222309,0.14
222310,0.09
222313,0.14
222321,0.26
222322,0.08
222328,0.22
222333,0.2
222334,0.18
222338,0.08
222347,0.21
222349,0.09
222351,0.13
222352,0.17
222357,0.07
222362,0.07
222381,0.22
222392,0.12
222401,0.17
222413,0.13
222422,0.14
222423,0.19
222430,0.13
222432,0.1
222452,0.09
222459,0.19
222473,0.18
222475,0.05
222481,0.25
222482,0.15
222489,0.05
222496,0.11
222505,0.07
222516,0.17
222537,0.14
222555,0.12
222566,0.17
222572,0.06
222577,0.17
222618,0.14
222619,0.1
222624,0.14
222625,0.07
222626,0.11
222629,0.14
222634,0.04
222636,0.2
222637,0.12
222641,0.14
222646,0.1
222648,0.19
222659,0.08
222663,0.1
222665,0.1
222671,0.26
222674,0.05
222675,0.14
222707,0.11
222709,0.14
222711,0.16
222717,0.19
222728,0.19
222752,0.2
222753,0.12
222755,0.05
222765,0.12
222768,0.23
222769,0.25
222783,0.17
222799,0.14
222821,0.12
222825,0.08
222837,0.36
222862,0.14
222863,0.15
222869,0.13
222876,0.11
222892,0.21
222898,0.09
222912,0.1
222920,0.07
222926,0.16
222934,0.16
222938,0.14
222945,0.11
222947,0.09
222966,0.16
222971,0.1
222994,0.17
223008,0.12
223019,0.04
223040,0.16
223042,0.19
223049,0.07
223051,0.05
223056,0.09
223058,0.19
223064,0.16
223067,0.1
223073,0.25
223075,0.06
223078,0.11
223079,0.14
223082,0.23
223098,0.31
223112,0.11
223116,0.2
223121,0.1
223128,0.18
223135,0.1
223136,0.09
223144,0.15
223151,0.05
223157,0.19
223181,0.14
223190,0.13
223197,0.09
223205,0.11
223209,0.12
223221,0.34
223235,0.2
223238,0.07
223244,0.17
223258,0.11
223262,0.16
223272,0.15
223288,0.11
223298,0.17
223310,0.2
223320,0.12
223357,0.27
223365,0.12
223369,0.1
223375,0.26
223384,0.05
223393,0.06
223412,0.05
223428,0.13
223440,0.13
223456,0.26
223470,0.14
223471,0.1
223484,0.12
223488,0.16
223489,0.12
223490,0.11
223492,0.11
223496,0.12
223503,0.03
223507,0.15
223518,0.26
223519,0.05
223521,0.11
223524,0.06
223526,0.11
223527,0.22
223529,0.08
223534,0.06
223538,0.24
223547,0.1
223549,0.06
223551,0.22
223552,0.2
223567,0.14
223571,0.24
223582,0.06
223584,0.11
223585,0.13
223586,0.08
223588,0.16
223592,0.1
223594,0.04
223607,0.19
223608,0.14
223609,0.26
223610,0.07
223611,0.15
223635,0.07
223636,0.05
223638,0.18
223649,0.08
223670,0.2
223688,0.13
223698,0.15
223699,0.13
223716,0.18
223718,0.11
223720,0.07
223727,0.07
223729,0.08
223739,0.07
223740,0.1
223741,0.09
223750,0.13
223752,0.08
223764,0.14
223781,0.07
223783,0.14
223794,0.04
223808,0.13
223810,0.24
223814,0.28
223817,0.2
223830,0.14
223839,0.11
223849,0.15
223851,0.36
223854,0.13
223888,0.31
223914,0.09
223923,0.13
223925,0.07
223939,0.11
223949,0.17
223951,0.19
223952,0.1
223967,0.11
223971,0.29
223974,0.11
223978,0.13
223991,0.12
224008,0.04
224016,0.11
224024,0.07
224039,0.07
224040,0.13
224044,0.19
224047,0.1
224055,0.1
224061,0.17
224065,0.15
224079,0.11
224080,0.06
224089,0.23
224094,0.16
224095,0.17
224109,0.11
224111,0.14
224112,0.15
224134,0.28
224135,0.18
224138,0.18
224139,0.03
224158,0.1
224161,0.2
224171,0.21
224182,0.2
224191,0.08
224194,0.1
224195,0.08
224205,0.19
224206,0.26
224211,0.07
224213,0.12
224214,0.15
224236,0.11
224239,0.17
224241,0.09
224251,0.15
224259,0.19
224262,0.2
224263,0.12
224268,0.12
224270,0.09
224282,0.16
224300,0.08
224315,0.14
224319,0.11
224325,0.13
224337,0.13
224339,0.17
224343,0.09
224344,0.3
224347,0.11
224353,0.13
224363,0.11
224370,0.1
224379,0.14
224380,0.11
224393,0.25
224395,0.12
224407,0.12
224408,0.07
224426,0.13
224427,0.15
224428,0.04
224437,0.29
224444,0.06
224445,0.12
224459,0.14
224473,0.2
224488,0.33
224490,0.3
224493,0.12
224494,0.19
224495,0.05
224499,0.09
224524,0.07
224528,0.08
224538,0.4
224553,0.12
224554,0.07
224575,0.14
224586,0.13
224593,0.11
224599,0.15
224614,0.09
224625,0.11
224626,0.1
224627,0.21
224628,0.15
224631,0.11
224651,0.15
224658,0.06
224664,0.12
224668,0.05
224673,0.1
224674,0.09
224683,0.13
224708,0.26
224748,0.22
224756,0.07
224757,0.1
224760,0.08
224771,0.19
224772,0.07
224797,0.16
224823,0.2
224831,0.14
224841,0.1
224843,0.12
224844,0.14
224849,0.12
224855,0.17
224856,0.07
224864,0.11
224871,0.08
224876,0.17
224889,0.14
224896,0.18
224899,0.13
224912,0.1
224916,0.21
224918,0.14
224925,0.11
224929,0.16
224934,0.12
224950,0.2
224953,0.09
224956,0.13
224958,0.09
224960,0.15
224971,0.11
224975,0.15
224978,0.19
224986,0.14
224987,0.19
224990,0.06
225010,0.06
225041,0.11
225044,0.04
225045,0.14
225048,0.17
225053,0.23
225058,0.18
225075,0.17
225085,0.08
225103,0.09
225107,0.08
225114,0.13
225122,0.09
225130,0.16
225131,0.22
225132,0.17
225134,0.1
225136,0.12
225141,0.14
225145,0.13
225146,0.11
225156,0.19
225158,0.15
225165,0.09
225185,0.08
225194,0.11
225195,0.08
225223,0.24
225224,0.2
225231,0.22
225233,0.14
225246,0.15
225281,0.11
225286,0.13
225301,0.18
225302,0.11
225336,0.11
225347,0.15
225351,0.1
225362,0.1
225363,0.07
225364,0.18
225370,0.17
225374,0.11
225375,0.09
225380,0.11
225381,0.07
225382,0.08
225392,0.13
225410,0.08
225425,0.21
225431,0.05
225456,0.09
225460,0.24
225475,0.17
225478,0.14
225483,0.21
225499,0.23
225514,0.25
225517,0.11
225524,0.25
225532,0.08
225545,0.25
225546,0.15
225550,0.12
225580,0.16
225581,0.18
225582,0.15
225585,0.23
225601,0.17
225612,0.1
225621,0.11
225636,0.18
225639,0.2
225650,0.07
225654,0.14
225664,0.12
225665,0.21
225666,0.06
225686,0.18
225689,0.14
225691,0.07
225721,0.15
225733,0.11
225739,0.16
225741,0.17
225766,0.14
225776,0.27
225788,0.05
225792,0.12
225803,0.11
225804,0.13
225805,0.18
225808,0.06
225819,0.09
225826,0.07
225832,0.15
225850,0.12
225851,0.13
225854,0.09
225858,0.14
225875,0.09
225884,0.11
225890,0.05
225906,0.07
225908,0.16
225910,0.21
225920,0.28
225950,0.22
225990,0.09
225991,0.07
226010,0.14
226011,0.11
226018,0.08
226029,0.17
226030,0.13
226041,0.13
226044,0.14
226051,0.17
226054,0.04
226085,0.22
226105,0.13
226116,0.33
226130,0.16
226131,0.09
226170,0.07
226171,0.11
226176,0.19
226177,0.16
226183,0.05
226187,0.21
226188,0.14
226190,0.27
226206,0.13
226213,0.11
226214,0.24
226226,0.14
226244,0.18
226245,0.12
226251,0.16
226258,0.09
226259,0.11
226265,0.11
226291,0.22
226294,0.09
226299,0.13
226300,0.2
226301,0.19
226302,0.15
226308,0.14
226309,0.06
226318,0.11
226319,0.21
226320,0.12
226325,0.18
226334,0.14
226337,0.15
226348,0.25
226353,0.13
226361,0.1
226387,0.12
226395,0.15
226413,0.09
226416,0.08
226427,0.11
226433,0.2
226447,0.17
226487,0.08
226495,0.2
226496,0.1
226499,0.13
226501,0.27
226505,0.15
226506,0.14
226507,0.07
226516,0.05
226523,0.12
226527,0.04
226533,0.15
226537,0.16
226539,0.17
226551,0.17
226556,0.13
226557,0.08
226561,0.17
226565,0.18
226567,0.09
226590,0.12
226599,0.1
226639,0.15
226654,0.21
226664,0.17
226668,0.14
226677,0.15
226682,0.2
226689,0.11
226691,0.09
226698,0.15
226713,0.13
226720,0.13
226734,0.1
226735,0.2
226738,0.1
226742,0.04
226763,0.1
226766,0.1
226772,0.13
226779,0.08
226780,0.17
226787,0.39
226790,0.38
226792,0.19
226797,0.12
226803,0.09
226807,0.11
226827,0.05
226828,0.17
226836,0.04
226837,0.03
226838,0.27
226847,0.15
226881,0.25
226882,0.13
226884,0.07
226917,0.11
226921,0.19
226933,0.21
226938,0.27
226948,0.09
226952,0.18
226954,0.07
226965,0.11
226970,0.08
226977,0.17
226986,0.21
227005,0.12
227009,0.06
227010,0.16
227013,0.14
227019,0.15
227025,0.1
227026,0.13
227027,0.12
227029,0.03
227049,0.13
227053,0.12
227054,0.11
227058,0.09
227074,0.2
227099,0.1
227100,0.14
227109,0.06
227111,0.08
227112,0.1
227125,0.26
227145,0.17
227148,0.24
227151,0.13
227160,0.09
227165,0.15
227200,0.19
227210,0.19
227213,0.25
227235,0.1
227242,0.07
227245,0.16
227246,0.11
227248,0.14
227251,0.17
227252,0.07
227258,0.2
227264,0.11
227270,0.23
227272,0.1
227274,0.09
227281,0.04
227290,0.08
227293,0.22
227299,0.14
227306,0.15
227323,0.05
227325,0.05
227326,0.11
227332,0.16
227336,0.18
227343,0.19
227344,0.11
227345,0.17
227348,0.17
227360,0.13
227376,0.2
227386,0.13
227392,0.1
227393,0.13
227401,0.09
227404,0.15
227413,0.15
227420,0.22
227459,0.13
227460,0.08
227462,0.08
227463,0.25
227481,0.1
227482,0.12
227485,0.25
227486,0.12
227493,0.09
227500,0.11
227501,0.03
227502,0.06
227506,0.17
227523,0.13
227525,0.15
227531,0.09
227532,0.17
227535,0.07
227542,0.11
227545,0.13
227566,0.11
227578,0.12
227585,0.26
227586,0.11
227587,0.08
227590,0.15
227595,0.21
227596,0.13
227597,0.19
227600,0.1
227621,0.24
227637,0.16
227640,0.24
227649,0.19
227653,0.12
227674,0.11
227675,0.16
227680,0.15
227696,0.09
227701,0.34
227707,0.15
227713,0.2
227715,0.18
227728,0.17
227730,0.18
227731,0.04
227732,0.1
227736,0.1
227739,0.16
227740,0.5
227741,0.23
227742,0.39
227745,0.25
227749,0.35
227752,0.08
227756,0.33
227769,0.2
227779,0.18
227783,0.23
227799,0.13
227803,0.09
227818,0.1
227822,0.2
227823,0.08
227824,0.07
227825,0.13
227826,0.12
227833,0.13
227834,0.16
227837,0.11
227839,0.1
227856,0.1
227872,0.04
227876,0.16
227905,0.23
227908,0.16
227909,0.2
227912,0.07
227917,0.08
227931,0.07
227936,0.21
227939,0.12
227941,0.08
227942,0.16
227944,0.11
227945,0.15
227952,0.12
227954,0.22
227968,0.05
227975,0.1
227989,0.19
227992,0.16
227993,0.15
227996,0.09
227997,0.11
227998,0.12
228040,0.11
228044,0.21
228045,0.1
228046,0.13
228051,0.13
228052,0.14
228053,0.2
228059,0.16
228062,0.16
228070,0.2
228074,0.13
228077,0.07
228078,0.18
228097,0.1
228099,0.21
228100,0.12
228102,0.37
228103,0.16
228104,0.25
228107,0.14
228117,0.08
228123,0.14
228125,0.06
228130,0.16
228134,0.12
228141,0.14
228153,0.26
228163,0.14
228164,0.08
228166,0.1
228168,0.14
228169,0.16
228183,0.28
228198,0.14
228199,0.13
228201,0.18
228207,0.14
228209,0.12
228219,0.15
228239,0.06
228248,0.11
228260,0.07
228268,0.25
228280,0.14
228282,0.23
228288,0.09
228289,0.11
228295,0.05
228296,0.16
228297,0.1
228298,0.11
228299,0.09
228301,0.14
228322,0.21
228324,0.11
228332,0.04
228334,0.09
228342,0.28
228351,0.15
228354,0.11
228355,0.08
228362,0.04
228375,0.1
228383,0.07
228389,0.09
228392,0.15
228411,0.08
228414,0.14
228420,0.13
228424,0.15
228426,0.15
228429,0.1
228447,0.26
228455,0.19
228458,0.25
228467,0.37
228472,0.26
228479,0.06
228482,0.2
228488,0.09
228489,0.22
228499,0.12
228501,0.16
228502,0.06
228503,0.14
228509,0.12
228512,0.09
228514,0.09
228519,0.19
228530,0.04
228534,0.23
228536,0.12
228537,0.1
228538,0.16
228539,0.08
228557,0.05
228591,0.08
228592,0.09
228608,0.24
228609,0.12
228636,0.16
228647,0.23
228656,0.18
228657,0.07
228661,0.14
228663,0.13
228671,0.06
228682,0.15
228697,0.07
228698,0.1
228712,0.08
228713,0.14
228729,0.1
228730,0.16
228737,0.3
228744,0.1
228752,0.08
228761,0.35
228763,0.24
228764,0.07
228770,0.26
228774,0.04
228781,0.12
228792,0.15
228794,0.32
228796,0.1
228799,0.16
228808,0.22
228809,0.13
228810,0.19
228813,0.09
228821,0.27
228826,0.18
228830,0.11
228831,0.15
228835,0.14
228854,0.01
228855,0.09
228863,0.1
228869,0.16
228872,0.19
228885,0.19
228888,0.19
228889,0.11
228890,0.09
228891,0.15
228894,0.2
228902,0.16
228907,0.09
228915,0.14
228918,0.23
228919,0.1
228933,0.17
228946,0.09
228947,0.1
228954,0.1
228956,0.17
228958,0.11
228969,0.17
228973,0.1
228978,0.1
228979,0.26
228988,0.07
228995,0.26
229019,0.12
229037,0.04
229041,0.1
229042,0.14
229046,0.1
229048,0.08
229053,0.07
229064,0.23
229073,0.19
229074,0.08
229077,0.17
229095,0.3
229100,0.25
229103,0.16
229104,0.11
229105,0.07
229107,0.09
229115,0.2
229117,0.13
229118,0.07
229124,0.15
229125,0.07
229130,0.22
229157,0.08
229162,0.05
229185,0.2
229195,0.1
229201,0.1
229202,0.06
229219,0.11
229220,0.06
229223,0.24
229224,0.23
229229,0.09
229233,0.05
229255,0.06
229261,0.14
229262,0.15
229271,0.12
229276,0.13
229277,0.07
229278,0.14
229280,0.18
229298,0.1
229301,0.17
229316,0.24
229325,0.15
229329,0.11
229334,0.07
229336,0.2
229337,0.2
229342,0.09
229349,0.06
229357,0.09
229369,0.15
229374,0.07
229402,0.1
229427,0.12
229452,0.3
229455,0.24
229459,0.3
229462,0.06
229482,0.13
229488,0.06
229496,0.18
229507,0.15
229508,0.12
229531,0.13
229576,0.13
229595,0.14
229602,0.16
229609,0.19
229610,0.25
229614,0.14
229615,0.2
229631,0.13
229632,0.11
229638,0.16
229647,0.1
229651,0.06
229659,0.1
229663,0.25
229671,0.09
229672,0.12
229675,0.04
229684,0.1
229687,0.08
229705,0.09
229711,0.09
229713,0.13
229714,0.12
229731,0.18
229738,0.21
229742,0.16
229745,0.13
229746,0.15
229749,0.26
229765,0.27
229767,0.1
229779,0.17
229782,0.08
229802,0.15
229805,0.15
229810,0.34
229816,0.16
229828,0.15
229838,0.2
229850,0.3
229858,0.09
229860,0.12
229877,0.18
229888,0.14
229894,0.07
229898,0.18
229905,0.17
229912,0.4
229913,0.12
229921,0.34
229923,0.03
229930,0.07
229962,0.1
229963,0.15
229977,0.13
229984,0.3
229998,0.09
230012,0.11
230016,0.26
230020,0.15
230024,0.29
230037,0.05
230038,0.09
230040,0.11
230042,0.19
230044,0.2
230050,0.14
230056,0.1
230067,0.13
230076,0.11
230077,0.19
230084,0.16
230098,0.11
230107,0.18
230116,0.05
230119,0.1
230121,0.05
230122,0.15
230135,0.18
230139,0.09
230179,0.16
230180,0.16
230185,0.09
230192,0.12
230203,0.15
230216,0.2
230226,0.12
230260,0.21
230268,0.14
230289,0.3
230296,0.11
230317,0.14
230328,0.21
230329,0.32
230330,0.11
230332,0.06
230338,0.13
230343,0.15
230344,0.17
230349,0.13
230369,0.07
230379,0.18
230391,0.13
230393,0.29
230394,0.09
230402,0.15
230404,0.19
230416,0.09
230417,0.23
230423,0.2
230427,0.13
230448,0.22
230449,0.02
230451,0.05
230453,0.04
230454,0.07
230457,0.17
230458,0.19
230459,0.29
230461,0.07
230464,0.1
230494,0.12
230517,0.14
230520,0.13
230521,0.12
230534,0.09
230553,0.08
230581,0.1
230585,0.13
230590,0.06
230592,0.08
230605,0.07
230610,0.05
230623,0.13
230628,0.14
230629,0.12
230640,0.09
230641,0.14
230642,0.07
230655,0.15
230656,0.08
230662,0.11
230675,0.1
230677,0.06
230688,0.04
230709,0.24
230716,0.07
230742,0.08
230748,0.21
230763,0.13
230779,0.18
230780,0.14
230781,0.32
230783,0.05
230788,0.2
230789,0.11
230792,0.06
230817,0.15
230820,0.1
230827,0.11
230828,0.1
230860,0.1
230864,0.2
230875,0.1
230878,0.04
230880,0.17
230929,0.16
230931,0.13
230934,0.12
230939,0.12
230940,0.12
230941,0.06
230942,0.23
230982,0.17
231028,0.06
231031,0.15
231039,0.15
231048,0.13
231065,0.11
231076,0.12
231079,0.05
231082,0.12
231086,0.17
231107,0.11
231118,0.16
231127,0.07
231134,0.06
231136,0.03
231137,0.13
231156,0.2
231160,0.22
231175,0.12
231177,0.1
231189,0.15
231191,0.15
231194,0.2
231198,0.13
231203,0.16
231211,0.12
231226,0.19
231245,0.14
231257,0.18
231268,0.14
231279,0.09
231290,0.2
231298,0.08
231299,0.16
231301,0.11
231306,0.09
231312,0.12
231314,0.07
231326,0.45
231343,0.13
231353,0.1
231359,0.13
231364,0.09
231387,0.12
231392,0.1
231409,0.07
231423,0.12
231427,0.06
231429,0.26
231433,0.16
231437,0.1
231448,0.06
231454,0.21
231460,0.05
231480,0.12
231496,0.07
231504,0.25
231513,0.11
231516,0.06
231523,0.07
231529,0.13
231532,0.09
231533,0.24
231542,0.15
231546,0.1
231554,0.1
231556,0.24
231561,0.08
231562,0.11
231563,0.08
231568,0.16
231589,0.09
231598,0.22
231616,0.12
231628,0.12
231637,0.18
231641,0.1
231656,0.27
231679,0.19
231682,0.22
231689,0.11
231690,0.07
231713,0.16
231716,0.08
231726,0.19
231734,0.19
231736,0.07
231742,0.14
231754,0.25
231757,0.06
231758,0.09
231761,0.21
231771,0.12
231773,0.11
231782,0.16
231785,0.25
231786,0.1
231789,0.07
231790,0.05
231791,0.11
231804,0.18
231835,0.05
231837,0.07
231840,0.16
231845,0.24
231863,0.14
231867,0.26
231874,0.3
231877,0.13
231887,0.18
231892,0.05
231899,0.13
231912,0.48
231914,0.17
231924,0.19
231927,0.22
231935,0.19
231938,0.23
231940,0.18
231947,0.14
231954,0.07
231955,0.12
231956,0.18
231969,0.18
231982,0.13
231983,0.09
231984,0.06
231987,0.16
232006,0.09
232012,0.11
232022,0.11
232023,0.18
232028,0.1
232034,0.12
232047,0.2
232050,0.12
232054,0.09
232063,0.19
232066,0.12
232081,0.21
232083,0.07
232094,0.14
232103,0.08
232108,0.09
232110,0.1
232122,0.12
232123,0.09
232132,0.06
232148,0.34
232149,0.12
232152,0.16
232157,0.24
232164,0.21
232170,0.19
232172,0.15
232174,0.05
232177,0.16
232227,0.03
232228,0.04
232237,0.07
232256,0.17
232275,0.11
232278,0.14
232279,0.13
232282,0.15
232285,0.15
232288,0.03
232301,0.14
232303,0.08
232309,0.17
232325,0.14
232329,0.14
232331,0.08
232335,0.16
232370,0.24
232371,0.1
232372,0.09
232390,0.27
232391,0.11
232392,0.1
232410,0.12
232423,0.09
232426,0.11
232428,0.31
232450,0.22
232466,0.19
232478,0.15
232493,0.1
232506,0.15
232516,0.25
232518,0.09
232530,0.11
232534,0.08
232535,0.11
232541,0.04
232547,0.05
232552,0.12
232558,0.09
232559,0.13
232560,0.1
232566,0.13
232570,0.06
232575,0.14
232578,0.12
232590,0.12
232615,0.14
232640,0.28
232643,0.03
232664,0.06
232676,0.09
232699,0.14
232702,0.13
232720,0.08
232733,0.15
232736,0.09
232738,0.13
232752,0.08
232758,0.03
232779,0.05
232784,0.27
232790,0.22
232799,0.12
232823,0.06
232824,0.03
232842,0.09
232849,0.07
232853,0.17
232859,0.11
232862,0.12
232864,0.05
232866,0.09
232869,0.12
232871,0.05
232876,0.18
232881,0.08
232898,0.14
232899,0.18
232914,0.22
232917,0.26
232923,0.08
232925,0.14
232942,0.2
232943,0.17
232965,0.12
232968,0.26
232972,0.11
232980,0.22
232999,0.1
233013,0.21
233021,0.3
233022,0.14
233054,0.21
233059,0.26
233065,0.14
233071,0.14
233074,0.11
233093,0.1
233095,0.17
233102,0.09
233104,0.15
233107,0.1
233108,0.13
233109,0.3
233112,0.18
233113,0.09
233122,0.17
233125,0.08
233126,0.12
233170,0.12
233171,0.14
233172,0.24
233175,0.05
233179,0.18
233189,0.2
233223,0.18
233224,0.14
233228,0.08
233247,0.18
233249,0.18
233263,0.12
233271,0.15
233273,0.16
233301,0.06
233305,0.11
233310,0.18
233311,0.22
233312,0.18
233324,0.08
233326,0.29
233327,0.12
233335,0.14
233349,0.15
233352,0.25
233362,0.14
233373,0.15
233390,0.26
233393,0.21
233400,0.09
233401,0.12
233404,0.18
233405,0.1
233406,0.16
233411,0.19
233421,0.13
233423,0.05
233424,0.07
233427,0.27
233429,0.18
233431,0.07
233432,0.09
233438,0.14
233448,0.09
233450,0.14
233451,0.07
233453,0.14
233480,0.08
233482,0.13
233483,0.22
233489,0.3
233490,0.13
233496,0.32
233497,0.13
233508,0.24
233509,0.33
233512,0.16
233517,0.16
233526,0.13
233528,0.1
233544,0.17
233554,0.17
233566,0.19
233572,0.1
233575,0.18
233578,0.08
233582,0.37
233583,0.22
233589,0.19
233594,0.21
233603,0.25
233627,0.07
233632,0.17
233639,0.09
233651,0.24
233652,0.15
233658,0.1
233675,0.06
233677,0.16
233682,0.07
233688,0.28
233689,0.27
233692,0.18
233697,0.2
233704,0.2
233709,0.29
233711,0.15
233721,0.08
233729,0.1
233734,0.09
233744,0.15
233764,0.14
233775,0.16
233783,0.32
233792,0.21
233796,0.05
233797,0.1
233798,0.11
233810,0.17
233818,0.09
233819,0.09
233830,0.08
233831,0.12
233838,0.1
233852,0.17
233854,0.2
233856,0.06
233858,0.15
233883,0.14
233888,0.1
233889,0.08
233892,0.12
233893,0.09
233894,0.1
233895,0.18
233901,0.07
233927,0.14
233928,0.17
233929,0.18
233960,0.11
233965,0.17
233970,0.09
233975,0.15
233981,0.15
233991,0.33
234012,0.05
234016,0.1
234024,0.08
234025,0.07
234027,0.21
234034,0.11
234035,0.07
234048,0.11
234069,0.17
234077,0.05
234086,0.17
234103,0.12
234110,0.09
234115,0.15
234126,0.08
234135,0.17
234136,0.12
234147,0.11
234151,0.05
234159,0.11
234163,0.12
234174,0.12
234186,0.14
234187,0.19
234192,0.09
234198,0.03
234205,0.15
234215,0.13
234220,0.13
234225,0.17
234227,0.13
234228,0.12
234231,0.09
234232,0.27
234236,0.16
234239,0.13
234240,0.09
234242,0.19
234262,0.14
234267,0.16
234283,0.15
234284,0.17
234286,0.1
234291,0.12
234302,0.14
234303,0.13
234308,0.08
234320,0.04
234326,0.08
234336,0.12
234340,0.23
234362,0.09
234365,0.04
234371,0.06
234373,0.12
234395,0.05
234400,0.12
234404,0.15
234412,0.16
234431,0.15
234433,0.18
234440,0.1
234453,0.2
234454,0.13
234460,0.08
234470,0.22
234473,0.12
234502,0.16
234503,0.22
234507,0.27
234529,0.12
234531,0.05
234543,0.1
234550,0.26
234556,0.08
234560,0.11
234567,0.06
234580,0.24
234582,0.14
234594,0.14
234599,0.14
234604,0.05
234605,0.13
234611,0.04
234617,0.12
234648,0.17
234660,0.09
234661,0.12
234663,0.15
234664,0.03
234670,0.08
234671,0.14
234673,0.2
234687,0.2
234688,0.09
234690,0.19
234694,0.06
234695,0.06
234704,0.21
234705,0.12
234710,0.17
234718,0.1
234719,0.15
234732,0.17
234739,0.08
234755,0.26
234760,0.11
234778,0.11
234781,0.14
234786,0.08
234788,0.13
234789,0.09
234802,0.09
234809,0.43
234814,0.22
234823,0.11
234825,0.13
234829,0.16
234838,0.22
234847,0.15
234876,0.08
234908,0.24
234914,0.1
234917,0.26
234935,0.11
234936,0.06
234941,0.19
234942,0.1
234943,0.16
234946,0.08
234947,0.09
234960,0.14
234967,0.18
234980,0.33
234990,0.34
234996,0.08
234999,0.17
235002,0.14
235021,0.15
235025,0.19
235034,0.1
235037,0.12
235046,0.07
235051,0.16
235052,0.09
235054,0.08
235061,0.11
235066,0.12
235076,0.11
235087,0.1
235089,0.24
235091,0.22
235107,0.07
235118,0.06
235123,0.11
235134,0.14
235137,0.18
235146,0.12
235147,0.09
235153,0.09
235166,0.27
235168,0.09
235183,0.05
235187,0.14
235189,0.11
235202,0.12
235214,0.2
235215,0.12
235216,0.29
235219,0.11
235223,0.12
235231,0.15
235240,0.19
235252,0.13
235253,0.1
235254,0.1
235259,0.26
235270,0.1
235275,0.1
235283,0.09
235291,0.08
235306,0.05
235327,0.11
235337,0.23
235342,0.19
235356,0.08
235357,0.15
235372,0.21
235378,0.22
235386,0.1
235401,0.14
235403,0.09
235423,0.08
235424,0.1
235434,0.06
235435,0.06
235438,0.11
235451,0.07
235452,0.07
235454,0.21
235456,0.11
235459,0.14
235460,0.1
235463,0.22
235491,0.08
235492,0.17
235501,0.1
235505,0.13
235512,0.2
235519,0.33
235549,0.14
235592,0.13
235597,0.13
235601,0.14
235602,0.12
235612,0.09
235617,0.04
235622,0.14
235636,0.06
235641,0.12
235644,0.14
235645,0.1
235651,0.15
235664,0.13
235668,0.32
235677,0.11
235692,0.07
235693,0.05
235698,0.11
235722,0.22
235741,0.13
235743,0.3
235752,0.1
235757,0.14
235766,0.09
235768,0.09
235769,0.17
235775,0.09
235778,0.19
235782,0.27
235791,0.16
235792,0.22
235796,0.17
235797,0.2
235799,0.22
235803,0.19
235804,0.2
235809,0.09
235811,0.18
235812,0.06
235827,0.15
235837,0.07
235839,0.14
235850,0.31
235852,0.09
235854,0.18
235860,0.07
235862,0.13
235869,0.2
235877,0.1
235889,0.13
235890,0.15
235891,0.07
235893,0.08
235900,0.09
235901,0.1
235914,0.04
235915,0.12
235924,0.16
235950,0.16
235968,0.13
235977,0.1
235978,0.16
235980,0.11
235990,0.06
235999,0.08
236002,0.1
236022,0.15
236033,0.11
236034,0.16
236037,0.36
236038,0.28
236039,0.11
236040,0.1
236053,0.19
236064,0.14
236068,0.2
236069,0.16
236094,0.06
236107,0.12
236123,0.09
236143,0.1
236214,0.07
236215,0.07
236221,0.28
236229,0.16
236234,0.11
236236,0.12
236237,0.09
236239,0.12
236266,0.35
236271,0.06
236283,0.13
236286,0.09
236287,0.34
236289,0.11
236293,0.11
236302,0.12
236303,0.23
236313,0.11
236324,0.1
236330,0.07
236332,0.12
236345,0.26
236350,0.12
236352,0.13
236359,0.11
236362,0.24
236373,0.12
236378,0.18
236391,0.12
236395,0.29
236412,0.24
236418,0.07
236421,0.09
236451,0.1
236454,0.1
236457,0.04
236463,0.07
236469,0.05
236476,0.15
236485,0.25
236508,0.14
236509,0.1
236525,0.17
236527,0.14
236529,0.21
236555,0.28
236562,0.27
236568,0.16
236569,0.08
236580,0.09
236581,0.13
236583,0.18
236586,0.11
236594,0.15
236631,0.08
236632,0.2
236634,0.12
236638,0.09
236643,0.23
236648,0.11
236655,0.26
236656,0.17
236657,0.01
236663,0.15
236681,0.09
236683,0.07
236691,0.17
236698,0.2
236713,0.12
236727,0.32
236732,0.1
236733,0.07
236735,0.13
236737,0.08
236749,0.08
236750,0.11
236752,0.06
236765,0.08
236766,0.09
236769,0.1
236771,0.2
236774,0.07
236775,0.09
236790,0.12
236793,0.23
236797,0.21
236798,0.07
236809,0.22
236821,0.2
236831,0.17
236836,0.09
236838,0.07
236849,0.11
236852,0.1
236860,0.21
236862,0.09
236865,0.11
236873,0.12
236885,0.07
236891,0.1
236894,0.12
236904,0.23
236905,0.07
236911,0.08
236939,0.12
236948,0.12
236950,0.09
236957,0.1
236965,0.06
236974,0.16
236975,0.07
236981,0.1
236985,0.08
236995,0.23
237023,0.18
237025,0.07
237038,0.05
237058,0.03
237060,0.1
237078,0.12
237079,0.12
237080,0.24
237084,0.19
237086,0.09
237087,0.05
237091,0.19
237092,0.09
237093,0.16
237094,0.11
237103,0.11
237116,0.05
237118,0.07
237126,0.08
237136,0.07
237144,0.18
237149,0.22
237150,0.19
237157,0.1
237158,0.12
237170,0.11
237171,0.09
237193,0.12
237196,0.18
237200,0.04
237248,0.13
237254,0.28
237256,0.09
237257,0.1
237267,0.08
237268,0.13
237269,0.07
237271,0.16
237280,0.15
237301,0.12
237304,0.19
237308,0.1
237311,0.11
237334,0.18
237338,0.22
237344,0.09
237361,0.15
237362,0.1
237368,0.16
237369,0.24
237371,0.1
237373,0.11
237377,0.09
237378,0.14
237383,0.08
237386,0.09
237392,0.15
237399,0.16
237408,0.16
237411,0.08
237414,0.12
237417,0.11
237424,0.29
237439,0.08
237457,0.11
237458,0.13
237459,0.09
237471,0.14
237474,0.13
237475,0.13
237476,0.07
237490,0.13
237491,0.1
237495,0.11
237501,0.11
237512,0.13
237516,0.08
237518,0.13
237528,0.2
237529,0.19
237537,0.35
237543,0.07
237547,0.15
237552,0.12
237563,0.15
237585,0.16
237598,0.19
237606,0.06
237624,0.29
237632,0.11
237635,0.11
237640,0.15
237642,0.11
237647,0.1
237648,0.09
237651,0.2
237657,0.13
237663,0.11
237692,0.15
237701,0.16
237715,0.22
237726,0.16
237728,0.24
237731,0.11
237732,0.2
237746,0.09
237759,0.16
237768,0.12
237772,0.41
237780,0.2
237787,0.1
237792,0.17
237804,0.12
237812,0.13
237815,0.1
237821,0.21
237827,0.08
237845,0.14
237862,0.16
237869,0.1
237872,0.13
237900,0.27
237909,0.08
237917,0.09
237921,0.08
237951,0.16
237952,0.14
237957,0.07
237960,0.11
237963,0.11
237973,0.03
237984,0.09
237990,0.2
237997,0.08
237998,0.15
238025,0.16
238027,0.09
238052,0.12
238053,0.13
238054,0.28
238065,0.09
238066,0.14
238075,0.19
238082,0.12
238087,0.04
238114,0.15
238117,0.17
238127,0.17
238129,0.25
238133,0.05
238135,0.07
238152,0.16
238157,0.16
238163,0.12
238170,0.1
238176,0.06
238180,0.16
238195,0.1
238198,0.13
238199,0.16
238206,0.24
238218,0.13
238219,0.12
238222,0.19
238224,0.05
238230,0.12
238237,0.06
238238,0.06
238247,0.1
238254,0.13
238256,0.06
238257,0.09
238270,0.13
238278,0.15
238279,0.24
238282,0.08
238286,0.04
238293,0.18
238298,0.07
238299,0.13
238306,0.17
238307,0.09
238308,0.1
238322,0.08
238327,0.22
238328,0.23
238330,0.08
238335,0.08
238347,0.13
238355,0.26
238356,0.19
238361,0.1
238367,0.14
238377,0.1
238413,0.08
238419,0.15
238436,0.09
238437,0.14
238443,0.14
238450,0.07
238452,0.15
238453,0.21
238454,0.29
238457,0.09
238467,0.12
238469,0.09
238470,0.08
238474,0.16
238478,0.12
238480,0.14
238492,0.1
238496,0.11
238500,0.1
238508,0.38
238512,0.08
238520,0.15
238540,0.07
238548,0.13
238549,0.1
238550,0.08
238563,0.07
238586,0.09
238607,0.08
238608,0.11
238615,0.07
238623,0.06
238627,0.07
238630,0.21
238635,0.08
238638,0.17
238642,0.13
238646,0.11
238656,0.17
238665,0.2
238674,0.12
238687,0.18
238702,0.15
238703,0.12
238705,0.17
238712,0.21
238716,0.09
238717,0.19
238718,0.06
238747,0.13
238754,0.16
238767,0.11
238793,0.05
238794,0.26
238796,0.09
238806,0.09
238832,0.16
238833,0.1
238840,0.11
238850,0.11
238853,0.13
238855,0.12
238858,0.08
238867,0.31
238868,0.12
238869,0.16
238873,0.1
238879,0.21
238893,0.21
238903,0.1
238904,0.2
238906,0.15
238928,0.17
238933,0.12
238941,0.2
238945,0.08
238947,0.1
238954,0.16
238963,0.05
238986,0.11
239003,0.21
239018,0.08
239019,0.15
239020,0.13
239021,0.14
239031,0.06
239042,0.14
239051,0.12
239056,0.17
239058,0.07
239075,0.08
239078,0.04
239079,0.11
239081,0.05
239082,0.1
239085,0.1
239100,0.07
239104,0.19
239120,0.15
239123,0.13
239140,0.29
239144,0.1
239145,0.08
239146,0.09
239153,0.09
239155,0.04
239161,0.28
239168,0.12
239177,0.16
239180,0.13
239193,0.11
239199,0.14
239206,0.11
239207,0.16
239209,0.08
239221,0.12
239225,0.07
239227,0.13
239237,0.09
239249,0.13
239273,0.3
239282,0.18
239290,0.23
239298,0.08
239302,0.18
239307,0.16
239309,0.08
239314,0.19
239319,0.29
239328,0.15
239334,0.07
239343,0.09
239344,0.06
239356,0.08
239357,0.22
239428,0.13
239429,0.26
239453,0.13
239471,0.24
239479,0.12
239480,0.15
239485,0.08
239489,0.19
239518,0.22
239522,0.08
239525,0.22
239540,0.18
239567,0.09
239573,0.18
239574,0.19
239578,0.11
239587,0.11
239588,0.15
239597,0.12
239603,0.07
239612,0.16
239616,0.25
239617,0.14
239618,0.29
239631,0.19
239639,0.33
239644,0.11
239672,0.1
239680,0.24
239685,0.08
239687,0.1
239715,0.21
239722,0.1
239733,0.09
239746,0.1
239748,0.05
239760,0.21
239765,0.13
239766,0.24
239774,0.14
239775,0.08
239788,0.26
239795,0.23
239796,0.07
239801,0.11
239808,0.09
239816,0.04
239819,0.07
239825,0.09
239832,0.19
239840,0.09
239845,0.06
239853,0.09
239862,0.08
239867,0.12
239873,0.19
239884,0.11
239920,0.1
239924,0.12
239937,0.05
239938,0.1
239948,0.18
239951,0.08
239952,0.11
239996,0.07
239998,0.16
240013,0.17
240027,0.19
240028,0.1
240036,0.3
240041,0.15
240046,0.12
240063,0.06
240076,0.07
240082,0.19
240086,0.07
240087,0.09
240089,0.24
240090,0.06
240093,0.12
240110,0.12
240111,0.18
240113,0.07
240117,0.02
240118,0.14
240120,0.06
240125,0.18
240130,0.15
240131,0.23
240133,0.16
240138,0.22
240149,0.15
240161,0.12
240177,0.17
240188,0.17
240197,0.03
240204,0.24
240215,0.11
240257,0.11
240266,0.14
240284,0.14
240296,0.21
240300,0.04
240312,0.04
240314,0.2
240320,0.13
240321,0.15
240337,0.11
240339,0.09
240341,0.23
240342,0.17
240346,0.14
240348,0.15
240364,0.14
240378,0.11
240382,0.22
240387,0.1
240404,0.08
240409,0.17
240412,0.07
240413,0.16
240414,0.14
240415,0.03
240416,0.1
240427,0.08
240428,0.06
240438,0.23
240447,0.12
240489,0.19
240494,0.11
240495,0.07
240507,0.17
240526,0.19
240530,0.18
240531,0.14
240554,0.12
240559,0.11
240561,0.07
240577,0.27
240578,0.13
240585,0.14
240587,0.18
240594,0.17
240603,0.07
240615,0.16
240629,0.18
240631,0.17
240637,0.05
240646,0.21
240649,0.12
240657,0.08
240664,0.17
240665,0.31
240668,0.13
240670,0.13
240685,0.12
240689,0.07
240702,0.1
240707,0.17
240709,0.3
240712,0.14
240716,0.13
240717,0.14
240725,0.05
240733,0.09
240742,0.31
240744,0.05
240819,0.12
240820,0.04
240826,0.16
240836,0.25
240839,0.05
240847,0.16
240859,0.28
240866,0.22
240868,0.06
240875,0.08
240878,0.13
240888,0.11
240896,0.11
240897,0.17
240898,0.22
240899,0.25
240900,0.11
240901,0.21
240902,0.13
240903,0.16
240904,0.05
240910,0.15
240916,0.1
240921,0.1
240923,0.14
240929,0.15
240930,0.1
240931,0.12
240932,0.07
240938,0.12
240943,0.07
240948,0.09
240954,0.05
240972,0.04
240992,0.13
240993,0.17
240994,0.15
241018,0.09
241026,0.12
241031,0.1
241052,0.12
241060,0.11
241076,0.15
241113,0.09
241116,0.15
241118,0.16
241121,0.14
241130,0.14
241142,0.09
241146,0.09
241159,0.12
241160,0.09
241161,0.22
241163,0.34
241176,0.14
241187,0.19
241188,0.22
241191,0.17
241192,0.23
241198,0.26
241208,0.25
241210,0.15
241226,0.12
241244,0.12
241252,0.16
241254,0.15
241256,0.14
241264,0.13
241266,0.18
241267,0.08
241274,0.11
241279,0.11
241281,0.19
241284,0.13
241293,0.05
241330,0.11
241333,0.08
241344,0.24
241348,0.17
241359,0.11
241362,0.29
241372,0.16
241377,0.08
241381,0.23
241390,0.08
241395,0.07
241397,0.11
241401,0.09
241402,0.13
241415,0.14
241417,0.22
241426,0.22
241432,0.1
241436,0.07
241444,0.06
241447,0.24
241456,0.08
241457,0.09
241464,0.12
241465,0.08
241469,0.09
241479,0.12
241482,0.16
241488,0.22
241489,0.15
241507,0.28
241509,0.07
241511,0.1
241520,0.12
241523,0.06
241536,0.12
241545,0.17
241574,0.13
241577,0.28
241599,0.22
241608,0.13
241627,0.1
241631,0.07
241640,0.14
241642,0.11
241645,0.25
241647,0.07
241649,0.18
241654,0.16
241655,0.08
241657,0.21
241665,0.11
241671,0.14
241678,0.15
241683,0.08
241686,0.07
241699,0.15
241704,0.31
241706,0.17
241709,0.08
241718,0.09
241723,0.12
241729,0.07
241739,0.26
241741,0.06
241752,0.11
241756,0.14
241763,0.04
241779,0.11
241793,0.09
241797,0.1
241804,0.08
241813,0.12
241816,0.13
241817,0.26
241821,0.08
241838,0.25
241839,0.16
241855,0.12
241857,0.06
241887,0.14
241888,0.08
241899,0.32
241903,0.15
241908,0.23
241914,0.2
241919,0.09
241933,0.16
241943,0.06
241947,0.12
241957,0.22
241960,0.12
241961,0.1
241965,0.17
241971,0.06
241982,0.18
241990,0.13
242011,0.18
242022,0.06
242023,0.14
242025,0.18
242035,0.17
242037,0.13
242043,0.09
242067,0.06
242075,0.16
242077,0.06
242088,0.15
242103,0.12
242125,0.09
242134,0.28
242143,0.2
242144,0.06
242148,0.08
242155,0.07
242163,0.08
242171,0.19
242182,0.25
242185,0.14
242188,0.22
242201,0.2
242203,0.05
242204,0.07
242208,0.14
242210,0.16
242217,0.1
242219,0.06
242222,0.16
242224,0.24
242229,0.14
242231,0.34
242236,0.19
242256,0.1
242264,0.07
242269,0.03
242280,0.1
242281,0.08
242285,0.11
242295,0.05
242302,0.17
242314,0.14
242319,0.15
242332,0.22
242338,0.2
242342,0.25
242343,0.15
242345,0.09
242354,0.13
242361,0.18
242365,0.28
242373,0.1
242378,0.06
242383,0.16
242385,0.22
242389,0.08
242397,0.21
242404,0.28
242406,0.2
242410,0.06
242436,0.07
242439,0.14
242440,0.19
242444,0.07
242445,0.14
242455,0.15
242477,0.14
242479,0.23
242484,0.06
242491,0.16
242492,0.1
242497,0.05
242498,0.07
242499,0.27
242500,0.05
242501,0.15
242502,0.07
242516,0.11
242518,0.11
242523,0.15
242525,0.13
242537,0.12
242549,0.11
242550,0.09
242553,0.09
242554,0.06
242561,0.08
242566,0.26
242567,0.21
242587,0.17
242598,0.31
242609,0.33
242611,0.1
242614,0.29
242617,0.24
242622,0.13
242623,0.25
242629,0.08
242633,0.09
242636,0.25
242637,0.15
242642,0.11
242651,0.05
242655,0.13
242667,0.15
242668,0.09
242670,0.14
242681,0.06
242689,0.05
242690,0.23
242692,0.14
242693,0.1
242699,0.16
242706,0.14
242712,0.16
242714,0.24
242715,0.06
242721,0.16
242725,0.1
242728,0.04
242740,0.04
242741,0.1
242762,0.12
242766,0.12
242772,0.1
242779,0.11
242782,0.14
242795,0.13
242796,0.14
242800,0.13
242810,0.24
242816,0.19
242824,0.15
242829,0.24
242833,0.03
242837,0.19
242851,0.17
242857,0.12
242858,0.19
242860,0.1
242874,0.15
242876,0.12
242877,0.07
242879,0.04
242890,0.14
242897,0.06
242898,0.11
242904,0.05
242916,0.06
242920,0.18
242924,0.18
242930,0.17
242936,0.1
242938,0.12
242951,0.18
242952,0.14
242956,0.08
242970,0.16
242972,0.1
242973,0.14
242975,0.12
242979,0.24
242985,0.06
242989,0.06
242994,0.24
242996,0.31
243004,0.09
243013,0.13
243015,0.14
243017,0.11
243022,0.05
243075,0.25
243077,0.09
243089,0.1
243096,0.08
243099,0.08
243109,0.13
243110,0.17
243111,0.06
243112,0.12
243114,0.15
243124,0.28
243128,0.23
243136,0.1
243143,0.17
243148,0.07
243151,0.05
243152,0.1
243163,0.16
243170,0.07
243173,0.07
243184,0.17
243187,0.15
243193,0.21
243206,0.2
243208,0.1
243236,0.1
243237,0.11
243241,0.12
243244,0.08
243251,0.15
243256,0.13
243257,0.04
243263,0.1
243265,0.13
243276,0.1
243283,0.17
243287,0.08
243289,0.22
243291,0.04
243294,0.15
243299,0.17
243301,0.15
243302,0.08
243310,0.2
243313,0.22
243334,0.11
243335,0.12
243345,0.12
243353,0.08
243369,0.06
243371,0.12
243375,0.08
243383,0.23
243387,0.03
243390,0.29
243398,0.08
243399,0.16
243401,0.05
243412,0.12
243430,0.14
243433,0.12
243440,0.11
243445,0.15
243475,0.16
243481,0.14
243501,0.23
243518,0.14
243528,0.12
243544,0.13
243550,0.06
243555,0.05
243558,0.19
243559,0.26
243569,0.18
243580,0.08
243581,0.09
243590,0.09
243611,0.14
243619,0.08
243643,0.18
243659,0.08
243664,0.12
243665,0.21
243679,0.17
243680,0.28
243681,0.06
243689,0.2
243699,0.14
243700,0.18
243703,0.15
243714,0.36
243734,0.19
243741,0.16
243747,0.11
243757,0.16
243764,0.23
243766,0.12
243770,0.09
243774,0.18
243777,0.07
243778,0.07
243783,0.09
243788,0.12
243801,0.1
243802,0.2
243805,0.31
243821,0.05
243828,0.07
243831,0.13
243838,0.27
243850,0.08
243861,0.14
243871,0.26
243873,0.09
243874,0.13
243875,0.12
243891,0.09
243893,0.1
243900,0.09
243907,0.21
243908,0.16
243916,0.24
243921,0.17
243943,0.11
243958,0.2
243963,0.23
243965,0.16
243968,0.05
243978,0.15
243993,0.23
243996,0.17
244004,0.13
244006,0.11
244045,0.05
244046,0.12
244047,0.03
244049,0.08
244051,0.1
244058,0.19
244093,0.12
244100,0.14
244102,0.11
244104,0.1
244108,0.13
244112,0.2
244114,0.12
244134,0.13
244136,0.06
244140,0.08
244151,0.1
244152,0.18
244164,0.31
244168,0.12
244173,0.12
244176,0.14
244179,0.07
244189,0.14
244201,0.2
244205,0.15
244212,0.25
244216,0.17
244226,0.16
244228,0.13
244238,0.23
244246,0.08
244252,0.21
244257,0.09
244266,0.19
244268,0.14
244280,0.11
244290,0.18
244294,0.21
244295,0.22
244296,0.39
244298,0.09
244307,0.17
244321,0.14
244322,0.13
244324,0.13
244335,0.21
244346,0.08
244364,0.13
244372,0.12
244377,0.17
244387,0.2
244388,0.18
244395,0.15
244396,0.1
244403,0.16
244416,0.16
244417,0.19
244420,0.13
244421,0.12
244428,0.1
244429,0.26
244432,0.19
244456,0.19
244460,0.16
244461,0.21
244464,0.06
244470,0.06
244475,0.17
244484,0.16
244487,0.15
244489,0.13
244498,0.18
244526,0.14
244529,0.35
244534,0.08
244536,0.13
244543,0.31
244545,0.16
244555,0.13
244560,0.17
244562,0.24
244570,0.16
244572,0.23
244574,0.18
244605,0.1
244612,0.14
244624,0.09
244631,0.08
244632,0.18
244643,0.05
244652,0.21
244666,0.1
244671,0.07
244672,0.16
244683,0.08
244690,0.11
244696,0.1
244703,0.08
244710,0.11
244713,0.17
244719,0.08
244724,0.16
244736,0.16
244763,0.24
244764,0.26
244765,0.21
244767,0.19
244772,0.21
244786,0.15
244789,0.12
244794,0.1
244799,0.08
244810,0.09
244815,0.1
244830,0.1
244848,0.11
244852,0.13
244866,0.11
244867,0.23
244874,0.08
244887,0.05
244891,0.14
244897,0.32
244898,0.07
244909,0.12
244910,0.19
244913,0.08
244925,0.18
244928,0.11
244932,0.16
244942,0.08
244943,0.28
244949,0.25
244954,0.07
244971,0.2
244973,0.3
244989,0.16
245001,0.11
245012,0.11
245026,0.16
245030,0.15
245036,0.1
245049,0.32
245057,0.07
245062,0.16
245063,0.11
245074,0.05
245076,0.24
245105,0.14
245106,0.05
245121,0.06
245124,0.23
245129,0.09
245133,0.13
245138,0.09
245150,0.21
245156,0.23
245157,0.17
245168,0.13
245170,0.08
245177,0.1
245178,0.09
245182,0.06
245208,0.13
245219,0.17
245221,0.08
245222,0.12
245224,0.06
245225,0.06
245233,0.12
245234,0.2
245244,0.16
245253,0.21
245260,0.1
245272,0.09
245281,0.11
245296,0.16
245297,0.17
245303,0.02
245309,0.16
245313,0.13
245316,0.12
245328,0.15
245344,0.15
245351,0.22
245357,0.16
245367,0.12
245369,0.22
245376,0.2
245381,0.12
245411,0.15
245426,0.1
245428,0.08
245430,0.11
245437,0.2
245443,0.15
245450,0.19
245452,0.09
245468,0.12
245481,0.07
245486,0.08
245496,0.08
245501,0.18
245502,0.2
245503,0.1
245564,0.23
245567,0.16
245568,0.23
245576,0.26
245577,0.18
245578,0.05
245595,0.14
245598,0.11
245604,0.1
245611,0.07
245615,0.16
245617,0.15
245627,0.13
245659,0.05
245661,0.26
245681,0.08
245687,0.21
245697,0.05
245708,0.1
245713,0.05
245717,0.07
245720,0.16
245721,0.2
245724,0.19
245728,0.11
245738,0.13
245746,0.09
245747,0.15
245748,0.16
245766,0.06
245767,0.17
245784,0.15
245792,0.17
245802,0.17
245804,0.09
245815,0.08
245820,0.15
245830,0.11
245834,0.05
245836,0.09
245844,0.17
245853,0.07
245862,0.1
245863,0.1
245882,0.12
245892,0.06
245906,0.21
245913,0.17
245926,0.11
245932,0.14
245933,0.05
245934,0.12
245939,0.13
245948,0.15
245955,0.14
245957,0.08
245967,0.14
245979,0.19
245980,0.15
245989,0.1
245992,0.19
245994,0.12
246006,0.1
246010,0.07
246017,0.12
246041,0.11
246045,0.05
246053,0.14
246057,0.1
246059,0.08
246061,0.19
246079,0.08
246082,0.18
246089,0.1
246091,0.09
246102,0.17
246127,0.2
246134,0.11
246135,0.22
246138,0.33
246143,0.14
246146,0.28
246148,0.06
246152,0.16
246155,0.15
246164,0.05
246171,0.17
246185,0.08
246192,0.32
246200,0.2
246208,0.08
246210,0.19
246213,0.07
246214,0.16
246229,0.14
246242,0.09
246250,0.14
246258,0.09
246267,0.26
246273,0.21
246287,0.1
246289,0.11
246290,0.16
246302,0.08
246303,0.08
246304,0.05
246312,0.1
246319,0.31
246321,0.06
246335,0.11
246337,0.15
246348,0.11
246358,0.1
246362,0.28
246369,0.15
246374,0.08
246382,0.28
246384,0.12
246386,0.28
246390,0.15
246396,0.09
246400,0.08
246401,0.05
246405,0.11
246415,0.19
246416,0.1
246418,0.21
246422,0.08
246423,0.05
246426,0.12
246429,0.21
246432,0.18
246444,0.17
246448,0.17
246455,0.1
246469,0.06
246482,0.09
246488,0.04
246489,0.21
246491,0.15
246502,0.13
246516,0.13
246524,0.2
246525,0.29
246543,0.17
246550,0.15
246554,0.15
246558,0.05
246559,0.25
246560,0.13
246561,0.11
246562,0.1
246564,0.09
246585,0.24
246615,0.16
246618,0.25
246619,0.12
246621,0.27
246624,0.14
246625,0.13
246627,0.24
246628,0.11
246631,0.09
246633,0.13
246654,0.14
246660,0.17
246665,0.19
246669,0.09
246681,0.03
246700,0.25
246705,0.09
246708,0.2
246711,0.11
246724,0.18
246740,0.1
246744,0.12
246745,0.42
246746,0.13
246748,0.1
246752,0.31
246758,0.12
246762,0.08
246765,0.09
246786,0.15
246798,0.03
246807,0.18
246816,0.16
246820,0.13
246833,0.11
246835,0.32
246836,0.14
246845,0.24
246849,0.09
246857,0.22
246861,0.04
246871,0.16
246872,0.19
246877,0.1
246879,0.14
246894,0.24
246896,0.14
246905,0.08
246907,0.22
246928,0.05
246935,0.12
246939,0.09
246947,0.07
246951,0.07
246956,0.11
246972,0.05
246979,0.06
247003,0.17
247005,0.26
247006,0.1
247008,0.13
247014,0.2
247027,0.08
247032,0.18
247036,0.16
247080,0.08
247083,0.05
247086,0.12
247092,0.13
247098,0.09
247103,0.13
247105,0.15
247108,0.11
247118,0.19
247123,0.1
247129,0.24
247139,0.12
247147,0.06
247153,0.13
247157,0.1
247179,0.08
247190,0.22
247213,0.19
247220,0.11
247234,0.11
247260,0.13
247265,0.07
247269,0.19
247272,0.11
247277,0.08
247278,0.2
247280,0.11
247290,0.11
247296,0.14
247314,0.2
247316,0.17
247328,0.24
247332,0.21
247336,0.19
247340,0.22
247342,0.17
247347,0.17
247350,0.13
247351,0.06
247353,0.28
247354,0.05
247360,0.05
247371,0.12
247378,0.1
247394,0.13
247402,0.07
247406,0.14
247409,0.12
247446,0.15
247453,0.06
247455,0.19
247463,0.07
247484,0.07
247485,0.15
247492,0.13
247497,0.16
247510,0.12
247521,0.09
247527,0.2
247534,0.21
247537,0.17
247558,0.15
247559,0.18
247560,0.17
247567,0.2
247572,0.19
247582,0.13
247583,0.15
247594,0.15
247595,0.05
247597,0.14
247598,0.12
247607,0.08
247619,0.23
247632,0.24
247638,0.09
247639,0.12
247646,0.09
247655,0.09
247660,0.1
247672,0.13
247677,0.05
247682,0.09
247685,0.11
247690,0.19
247701,0.05
247708,0.27
247715,0.12
247734,0.08
247758,0.08
247761,0.11
247763,0.14
247766,0.09
247774,0.08
247775,0.09
247779,0.08
247781,0.14
247783,0.15
247785,0.11
247787,0.02
247793,0.14
247798,0.09
247802,0.13
247805,0.05
247814,0.09
247816,0.16
247834,0.08
247836,0.06
247844,0.24
247849,0.29
247852,0.06
247859,0.07
247861,0.16
247867,0.07
247868,0.17
247883,0.18
247890,0.11
247892,0.21
247896,0.12
247897,0.06
247902,0.24
247904,0.09
247909,0.12
247910,0.09
247911,0.18
247929,0.12
247930,0.07
247935,0.05
247942,0.24
247950,0.12
247951,0.08
247972,0.13
247989,0.08
247993,0.16
247995,0.15
248012,0.13
248018,0.15
248019,0.12
248036,0.02
248037,0.08
248039,0.07
248040,0.18
248043,0.16
248054,0.08
248056,0.2
248068,0.31
248075,0.15
248085,0.09
248087,0.09
248089,0.13
248095,0.13
248105,0.09
248109,0.16
248115,0.13
248131,0.13
248135,0.1
248148,0.15
248154,0.22
248156,0.1
248165,0.12
248169,0.07
248173,0.19
248179,0.05
248187,0.08
248204,0.08
248207,0.23
248210,0.13
248212,0.16
248214,0.06
248229,0.18
248236,0.03
248239,0.2
248240,0.19
248246,0.05
248249,0.14
248261,0.17
248267,0.13
248268,0.12
248272,0.04
248276,0.14
248293,0.14
248303,0.15
248307,0.11
248308,0.4
248327,0.14
248330,0.08
248345,0.15
248355,0.08
248364,0.11
248368,0.26
248373,0.14
248375,0.23
248378,0.19
248390,0.11
248394,0.21
248405,0.06
248409,0.16
248411,0.11
248415,0.17
248416,0.14
248419,0.21
248421,0.15
248422,0.12
248424,0.1
248427,0.15
248429,0.41
248435,0.11
248452,0.13
248461,0.12
248467,0.11
248472,0.13
248473,0.11
248476,0.16
248488,0.23
248489,0.29
248505,0.14
248509,0.13
248510,0.21
248512,0.11
248524,0.31
248526,0.17
248528,0.12
248533,0.06
248546,0.05
248568,0.11
248570,0.15
248579,0.13
248583,0.14
248585,0.06
248586,0.12
248596,0.06
248597,0.19
248601,0.12
248605,0.15
248613,0.09
248618,0.06
248622,0.1
248626,0.04
248627,0.06
248628,0.13
248635,0.08
248636,0.14
248644,0.1
248667,0.16
248675,0.08
248677,0.13
248693,0.25
248694,0.13
248699,0.05
248706,0.25
248726,0.19
248728,0.09
248731,0.11
248736,0.22
248738,0.33
248739,0.13
248744,0.17
248745,0.21
248756,0.08
248760,0.14
248767,0.29
248770,0.07
248772,0.18
248773,0.09
248785,0.09
248789,0.09
248791,0.16
248797,0.12
248826,0.09
248853,0.08
248854,0.12
248856,0.19
248861,0.09
248869,0.32
248871,0.14
248877,0.06
248883,0.17
248891,0.07
248892,0.29
248905,0.09
248910,0.19
248914,0.1
248921,0.12
248931,0.12
248934,0.1
248951,0.06
248954,0.19
248961,0.14
248966,0.07
248968,0.26
248977,0.07
248978,0.08
248986,0.17
249000,0.07
249005,0.1
249025,0.12
249040,0.19
249045,0.22
249056,0.12
249057,0.03
249075,0.24
249084,0.13
249089,0.18
249095,0.29
249101,0.09
249113,0.1
249116,0.13
249118,0.1
249137,0.15
249140,0.16
249149,0.11
249151,0.1
249154,0.1
249155,0.27
249171,0.09
249173,0.25
249190,0.08
249191,0.1
249197,0.06
249205,0.22
249212,0.32
249228,0.08
249235,0.13
249266,0.08
249269,0.09
249277,0.1
249298,0.12
249305,0.17
249310,0.1
249313,0.15
249320,0.24
249321,0.1
249332,0.07
249333,0.18
249339,0.2
249343,0.33
249345,0.1
249347,0.22
249348,0.18
249358,0.11
249370,0.39
249382,0.08
249397,0.09
249398,0.1
249400,0.2
249403,0.26
249412,0.17
249421,0.18
249422,0.06
249426,0.11
249445,0.23
249460,0.07
249465,0.09
249467,0.14
249481,0.17
249495,0.09
249496,0.19
249505,0.09
249507,0.22
249523,0.06
249528,0.15
249532,0.18
249534,0.14
249540,0.11
249542,0.12
249557,0.09
249559,0.27
249578,0.08
249581,0.1
249588,0.15
249595,0.21
249603,0.17
249615,0.06
249630,0.13
249636,0.04
249640,0.09
249648,0.07
249657,0.11
249661,0.16
249664,0.07
249668,0.24
249677,0.12
249681,0.13
249687,0.18
249688,0.18
249695,0.32
249703,0.11
249705,0.17
249718,0.24
249719,0.19
249720,0.15
249726,0.08
249728,0.15
249742,0.04
249764,0.14
249768,0.05
249770,0.12
249774,0.08
249779,0.11
249783,0.11
249801,0.4
249808,0.14
249818,0.04
249820,0.25
249832,0.24
249839,0.09
249843,0.19
249845,0.08
249847,0.25
249878,0.22
249883,0.12
249895,0.12
249898,0.21
249906,0.05
249909,0.1
249913,0.2
249920,0.19
249921,0.03
249928,0.35
249941,0.12
249951,0.08
249955,0.12
250020,0.06
250022,0.16
250026,0.15
250038,0.16
250045,0.17
250048,0.17
250049,0.14
250051,0.1
250056,0.18
250073,0.14
250085,0.04
250088,0.23
250091,0.21
250092,0.15
250093,0.08
250095,0.15
250098,0.18
250105,0.12
250114,0.25
250127,0.11
250134,0.13
250137,0.16
250153,0.21
250156,0.18
250176,0.21
250188,0.12
250189,0.24
250211,0.15
250212,0.18
250217,0.15
250226,0.2
250236,0.43
250237,0.16
250246,0.17
250270,0.14
250276,0.25
250299,0.13
250311,0.07
250312,0.2
250319,0.1
250324,0.13
250331,0.09
250340,0.11
250347,0.1
250354,0.2
250358,0.09
250359,0.08
250361,0.31
250363,0.04
250371,0.14
250377,0.18
250381,0.08
250391,0.11
250415,0.11
250416,0.24
250430,0.22
250431,0.13
250438,0.07
250444,0.14
250453,0.17
250458,0.13
250462,0.23
250469,0.16
250473,0.05
250481,0.15
250498,0.21
250502,0.11
250508,0.17
250514,0.09
250521,0.1
250522,0.3
250530,0.03
250531,0.07
250533,0.06
250539,0.16
250541,0.08
250545,0.16
250557,0.23
250576,0.13
250579,0.08
250585,0.33
250586,0.12
250591,0.22
250592,0.05
250596,0.14
250616,0.09
250617,0.17
250632,0.22
250636,0.07
250640,0.1
250657,0.13
250658,0.22
250661,0.07
250684,0.13
250685,0.12
250691,0.19
250692,0.12
250712,0.06
250713,0.11
250719,0.14
250737,0.27
250749,0.14
250772,0.19
250773,0.27
250774,0.05
250781,0.11
250783,0.11
250810,0.08
250814,0.06
250819,0.1
250831,0.1
250855,0.07
250867,0.16
250878,0.07
250887,0.06
250889,0.06
250890,0.15
250900,0.12
250904,0.06
250909,0.13
250913,0.2
250914,0.12
250915,0.22
250918,0.14
250922,0.2
250925,0.14
250939,0.12
250949,0.14
250956,0.13
250961,0.15
250963,0.05
250965,0.09
250968,0.08
250970,0.12
250981,0.13
250990,0.08
251001,0.06
251002,0.1
251011,0.24
251013,0.1
251021,0.08
251022,0.1
251029,0.06
251046,0.07
251047,0.06
251058,0.13
251063,0.13
251064,0.19
251073,0.3
251083,0.13
251085,0.07
251091,0.22
251096,0.08
251105,0.32
251115,0.13
251123,0.1
251133,0.14
251152,0.08
251165,0.16
251180,0.15
251196,0.37
251197,0.18
251214,0.11
251215,0.31
251217,0.17
251219,0.12
251233,0.04
251234,0.27
251245,0.08
251248,0.28
251255,0.12
251267,0.1
251272,0.15
251276,0.06
251288,0.1
251297,0.15
251298,0.16
251300,0.18
251301,0.08
251302,0.11
251303,0.23
251311,0.05
251314,0.18
251322,0.13
251324,0.14
251333,0.17
251336,0.31
251341,0.1
251346,0.14
251370,0.16
251378,0.09
251396,0.05
251401,0.22
251413,0.07
251422,0.07
251423,0.19
251434,0.22
251436,0.11
251443,0.17
251445,0.14
251455,0.17
251465,0.09
251470,0.11
251475,0.27
251488,0.16
251498,0.24
251504,0.1
251506,0.15
251530,0.13
251534,0.17
251538,0.2
251543,0.09
251557,0.05
251558,0.12
251567,0.09
251575,0.19
251579,0.09
251598,0.18
251599,0.11
251606,0.17
251608,0.14
251620,0.19
251624,0.12
251629,0.12
251631,0.1
251654,0.2
251671,0.09
251677,0.12
251682,0.07
251684,0.17
251689,0.15
251700,0.1
251716,0.1
251719,0.12
251727,0.22
251731,0.15
251732,0.09
251737,0.13
251744,0.16
251750,0.1
251754,0.21
251759,0.08
251761,0.32
251762,0.11
251765,0.14
251768,0.16
251770,0.1
251777,0.09
251786,0.06
251795,0.11
251805,0.1
251833,0.05
251839,0.12
251848,0.32
251851,0.12
251893,0.04
251909,0.06
251918,0.16
251920,0.1
251922,0.15
251923,0.27
251926,0.2
251933,0.13
251938,0.11
251948,0.16
251955,0.06
251956,0.13
251957,0.15
251964,0.12
251965,0.16
251966,0.15
251972,0.06
251980,0.07
252003,0.1
252016,0.14
252028,0.16
252032,0.05
252046,0.12
252054,0.08
252060,0.16
252073,0.12
252088,0.18
252092,0.06
252096,0.07
252113,0.12
252115,0.07
252121,0.1
252133,0.12
252135,0.07
252145,0.25
252151,0.09
252167,0.16
252169,0.12
252175,0.18
252189,0.1
252190,0.12
252191,0.14
252198,0.1
252212,0.14
252223,0.06
252224,0.16
252228,0.27
252253,0.09
252257,0.35
252261,0.29
252265,0.21
252272,0.18
252273,0.2
252286,0.27
252312,0.06
252322,0.13
252326,0.13
252332,0.05
252345,0.12
252348,0.19
252354,0.14
252358,0.2
252364,0.1
252366,0.16
252369,0.23
252374,0.14
252382,0.16
252417,0.25
252425,0.19
252426,0.08
252429,0.18
252434,0.35
252447,0.09
252450,0.11
252452,0.22
252460,0.13
252463,0.15
252465,0.16
252492,0.26
252493,0.13
252518,0.16
252522,0.23
252524,0.14
252531,0.14
252533,0.13
252540,0.16
252543,0.15
252544,0.2
252555,0.14
252558,0.16
252562,0.07
252565,0.25
252568,0.14
252569,0.08
252573,0.12
252582,0.09
252596,0.13
252599,0.09
252603,0.09
252606,0.2
252630,0.05
252636,0.07
252651,0.13
252653,0.1
252679,0.21
252682,0.17
252687,0.12
252713,0.04
252715,0.11
252721,0.25
252726,0.15
252746,0.11
252754,0.1
252760,0.05
252762,0.2
252763,0.08
252764,0.23
252768,0.16
252773,0.11
252774,0.16
252782,0.16
252784,0.08
252797,0.11
252798,0.12
252809,0.2
252819,0.08
252840,0.12
252862,0.15
252863,0.14
252865,0.18
252870,0.13
252880,0.07
252881,0.11
252888,0.17
252889,0.1
252894,0.07
252899,0.07
252911,0.21
252918,0.07
252926,0.09
252929,0.13
252932,0.18
252939,0.13
252940,0.15
252970,0.11
252971,0.1
252980,0.13
252981,0.15
252986,0.13
252990,0.07
253004,0.1
253011,0.16
253015,0.13
253022,0.08
253032,0.12
253044,0.18
253056,0.12
253065,0.06
253066,0.15
253067,0.16
253079,0.04
253088,0.1
253098,0.15
253099,0.18
253112,0.2
253113,0.19
253133,0.14
253149,0.14
253151,0.12
253153,0.11
253160,0.12
253164,0.1
253169,0.15
253177,0.09
253183,0.28
253198,0.1
253206,0.16
253214,0.15
253218,0.09
253224,0.03
253227,0.09
253231,0.17
253247,0.12
253251,0.06
253262,0.19
253264,0.13
253265,0.12
253273,0.17
253275,0.09
253278,0.08
253284,0.2
253298,0.14
253313,0.2
253317,0.15
253322,0.08
253326,0.12
253332,0.25
253338,0.11
253339,0.11
253346,0.04
253348,0.25
253350,0.11
253357,0.12
253363,0.22
253365,0.04
253369,0.08
253373,0.23
253378,0.09
253383,0.24
253392,0.09
253395,0.13
253398,0.1
253410,0.21
253419,0.06
253420,0.11
253421,0.19
253441,0.11
253442,0.09
253446,0.15
253447,0.17
253465,0.21
253488,0.13
253492,0.15
253499,0.34
253500,0.14
253501,0.21
253509,0.12
253521,0.12
253534,0.13
253544,0.1
253555,0.17
253557,0.14
253559,0.11
253583,0.22
253587,0.15
253589,0.12
253591,0.05
253596,0.1
253600,0.13
253605,0.11
253620,0.07
253628,0.1
253631,0.18
253634,0.04
253639,0.13
253641,0.25
253661,0.13
253672,0.13
253679,0.14
253683,0.04
253696,0.11
253706,0.27
253708,0.15
253712,0.1
253717,0.11
253720,0.19
253731,0.13
253734,0.26
253743,0.13
253744,0.06
253748,0.12
253754,0.14
253761,0.23
253787,0.13
253788,0.13
253796,0.19
253826,0.21
253829,0.1
253837,0.2
253841,0.16
253843,0.1
253844,0.14
253845,0.13
253849,0.09
253854,0.12
253861,0.07
253863,0.1
253875,0.16
253891,0.13
253894,0.19
253895,0.3
253918,0.29
253930,0.11
253939,0.15
253940,0.13
253945,0.18
253950,0.11
253951,0.12
253964,0.23
253967,0.12
253975,0.38
253986,0.12
253998,0.26
254017,0.15
254025,0.12
254026,0.12
254031,0.1
254035,0.09
254040,0.1
254042,0.11
254047,0.14
254051,0.32
254056,0.12
254060,0.13
254068,0.08
254073,0.19
254088,0.07
254100,0.09
254110,0.22
254115,0.06
254116,0.33
254125,0.11
254130,0.06
254135,0.14
254149,0.12
254161,0.12
254167,0.11
254176,0.12
254205,0.07
254226,0.1
254228,0.09
254238,0.17
254242,0.26
254257,0.31
254261,0.11
254280,0.09
254295,0.07
254316,0.15
254325,0.19
254326,0.14
254327,0.1
254335,0.08
254342,0.16
254347,0.08
254355,0.28
254358,0.09
254359,0.05
254368,0.04
254376,0.25
254382,0.24
254383,0.16
254390,0.12
254392,0.2
254394,0.05
254400,0.05
254406,0.15
254411,0.1
254421,0.19
254435,0.1
254437,0.08
254440,0.07
254460,0.18
254470,0.16
254471,0.16
254472,0.04
254483,0.3
254493,0.09
254513,0.07
254518,0.26
254520,0.22
254534,0.11
254537,0.19
254562,0.09
254567,0.03
254577,0.13
254578,0.12
254580,0.12
254586,0.09
254591,0.26
254593,0.11
254597,0.2
254599,0.06
254613,0.08
254629,0.14
254631,0.15
254633,0.15
254639,0.12
254642,0.13
254650,0.31
254659,0.17
254662,0.13
254671,0.22
254672,0.08
254674,0.11
254676,0.19
254679,0.06
254701,0.08
254722,0.06
254728,0.14
254742,0.07
254748,0.07
254750,0.13
254751,0.07
254753,0.15
254773,0.14
254783,0.06
254805,0.15
254806,0.15
254810,0.12
254817,0.12
254820,0.07
254829,0.14
254835,0.05
254837,0.14
254843,0.07
254850,0.14
254858,0.14
254861,0.16
254884,0.08
254885,0.12
254890,0.05
254910,0.12
254916,0.16
254917,0.1
254920,0.09
254926,0.11
254928,0.04
254930,0.21
254937,0.21
254940,0.09
254953,0.16
254956,0.07
254969,0.07
254982,0.13
254988,0.18
254998,0.07
255013,0.33
255017,0.14
255018,0.06
255029,0.15
255033,0.23
255035,0.19
255061,0.31
255067,0.08
255068,0.16
255070,0.24
255084,0.11
255096,0.2
255106,0.14
255114,0.09
255117,0.15
255135,0.11
255142,0.24
255143,0.16
255146,0.24
255155,0.1
255156,0.12
255158,0.09
255167,0.09
255172,0.11
255199,0.11
255204,0.07
255206,0.07
255210,0.15
255226,0.07
255230,0.13
255253,0.21
255259,0.09
255260,0.13
255278,0.17
255288,0.16
255312,0.11
255317,0.09
255319,0.18
255320,0.23
255322,0.11
255332,0.35
255337,0.15
255344,0.06
255347,0.22
255348,0.14
255351,0.09
255366,0.14
255371,0.08
255372,0.06
255373,0.23
255377,0.09
255378,0.12
255405,0.1
255408,0.09
255425,0.18
255434,0.25
255441,0.15
255442,0.14
255451,0.21
255486,0.11
255490,0.35
255493,0.11
255501,0.12
255503,0.12
255515,0.2
255522,0.15
255526,0.1
255538,0.28
255541,0.21
255546,0.17
255549,0.08
255557,0.03
255564,0.14
255568,0.07
255572,0.08
255581,0.09
255585,0.09
255586,0.19
255596,0.12
255598,0.05
255600,0.17
255619,0.23
255620,0.04
255623,0.14
255631,0.11
255632,0.25
255633,0.28
255646,0.12
255647,0.19
255649,0.1
255659,0.15
255666,0.06
255669,0.13
255674,0.14
255675,0.14
255678,0.17
255682,0.29
255690,0.13
255691,0.1
255694,0.08
255706,0.13
255717,0.07
255720,0.06
255723,0.15
255724,0.16
255729,0.08
255731,0.16
255733,0.07
255734,0.13
255738,0.14
255760,0.05
255766,0.11
255770,0.1
255772,0.15
255775,0.17
255776,0.05
255786,0.06
255795,0.14
255797,0.22
255810,0.13
255813,0.07
255829,0.09
255830,0.07
255832,0.16
255847,0.13
255853,0.32
255876,0.11
255881,0.16
255883,0.09
255891,0.04
255899,0.07
255900,0.16
255906,0.19
255907,0.24
255911,0.18
255921,0.1
255925,0.23
255930,0.13
255941,0.13
255948,0.1
255969,0.16
255973,0.22
255974,0.09
255976,0.19
255977,0.1
255978,0.1
255981,0.11
255988,0.11
255990,0.09
255992,0.17
255998,0.13
256015,0.11
256016,0.16
256036,0.15
256045,0.14
256050,0.17
256066,0.23
256076,0.23
256080,0.11
256083,0.11
256086,0.07
256103,0.14
256108,0.13
256114,0.13
256115,0.17
256139,0.12
256141,0.1
256146,0.09
256150,0.05
256177,0.14
256179,0.17
256194,0.07
256195,0.12
256200,0.28
256204,0.15
256205,0.14
256213,0.16
256222,0.06
256224,0.06
256235,0.2
256264,0.12
256268,0.17
256276,0.15
256277,0.09
256282,0.15
256285,0.05
256293,0.09
256294,0.1
256296,0.24
256297,0.1
256315,0.06
256317,0.25
256334,0.17
256339,0.1
256342,0.22
256345,0.15
256348,0.25
256350,0.1
256351,0.24
256357,0.13
256375,0.14
256377,0.13
256379,0.19
256392,0.12
256398,0.08
256419,0.11
256422,0.07
256424,0.06
256431,0.04
256432,0.09
256438,0.19
256459,0.1
256460,0.2
256506,0.31
256507,0.15
256511,0.1
256513,0.16
256519,0.1
256533,0.12
256539,0.12
256590,0.1
256606,0.22
256614,0.2
256642,0.2
256644,0.11
256653,0.11
256663,0.07
256666,0.16
256669,0.14
256678,0.13
256685,0.31
256705,0.05
256708,0.11
256713,0.15
256715,0.15
256718,0.09
256745,0.15
256752,0.11
256753,0.09
256754,0.2
256763,0.14
256772,0.12
256773,0.14
256774,0.18
256776,0.28
256783,0.04
256790,0.12
256801,0.24
256802,0.28
256803,0.19
256808,0.06
256809,0.17
256810,0.16
256818,0.17
256824,0.04
256825,0.11
256826,0.12
256829,0.21
256834,0.14
256843,0.3
256866,0.27
256875,0.17
256876,0.12
256887,0.19
256888,0.11
256894,0.08
256909,0.11
256918,0.18
256927,0.06
256931,0.13
256933,0.21
256937,0.23
256950,0.13
256955,0.11
256962,0.09
256972,0.08
256985,0.14
256987,0.21
256993,0.1
257000,0.14
257017,0.11
257019,0.11
257020,0.17
257022,0.2
257023,0.15
257025,0.18
257050,0.12
257056,0.06
257060,0.14
257064,0.19
257066,0.14
257071,0.15
257073,0.12
257076,0.06
257084,0.17
257088,0.16
257102,0.16
257118,0.09
257119,0.11
257120,0.04
257131,0.08
257145,0.21
257150,0.12
257154,0.2
257169,0.16
257192,0.21
257200,0.09
257204,0.08
257205,0.15
257213,0.08
257216,0.06
257219,0.1
257232,0.09
257234,0.07
257244,0.23
257251,0.08
257255,0.09
257260,0.05
257263,0.26
257267,0.15
257277,0.1
257293,0.14
257294,0.11
257304,0.1
257307,0.07
257312,0.11
257324,0.17
257325,0.12
257326,0.04
257353,0.04
257354,0.05
257369,0.09
257372,0.07
257375,0.08
257388,0.14
257393,0.07
257395,0.07
257399,0.12
257406,0.16
257409,0.06
257437,0.1
257441,0.05
257442,0.1
257473,0.1
257476,0.06
257477,0.34
257483,0.26
257500,0.25
257506,0.2
257508,0.11
257511,0.19
257514,0.09
257527,0.29
257528,0.15
257545,0.1
257546,0.11
257548,0.08
257551,0.11
257564,0.08
257565,0.12
257567,0.18
257572,0.15
257575,0.24
257577,0.3
257578,0.11
257585,0.06
257589,0.19
257590,0.2
257594,0.26
257596,0.03
257614,0.17
257618,0.26
257624,0.1
257632,0.02
257638,0.11
257644,0.22
257650,0.18
257653,0.11
257660,0.24
257663,0.09
257665,0.14
257677,0.18
257678,0.08
257690,0.18
257700,0.19
257711,0.06
257712,0.24
257715,0.12
257718,0.13
257720,0.18
257740,0.22
257748,0.13
257765,0.14
257768,0.14
257777,0.06
257778,0.11
257785,0.11
257789,0.14
257794,0.19
257796,0.17
257821,0.08
257823,0.2
257832,0.13
257844,0.27
257848,0.19
257854,0.1
257861,0.25
257872,0.13
257875,0.09
257876,0.26
257883,0.04
257888,0.13
257895,0.1
257900,0.12
257906,0.06
257907,0.2
257920,0.26
257921,0.2
257926,0.11
257932,0.17
257940,0.18
257947,0.24
257953,0.16
257958,0.07
257967,0.19
257977,0.08
257986,0.07
258012,0.1
258013,0.12
258031,0.09
258034,0.07
258037,0.34
258051,0.2
258056,0.11
258058,0.11
258066,0.2
258074,0.07
258077,0.07
258090,0.09
258109,0.16
258114,0.09
258124,0.07
258127,0.16
258141,0.06
258148,0.11
258151,0.17
258163,0.05
258166,0.1
258169,0.14
258179,0.12
258190,0.13
258193,0.12
258207,0.35
258220,0.14
258222,0.11
258223,0.18
258225,0.06
258227,0.06
258231,0.05
258233,0.26
258249,0.07
258255,0.11
258259,0.13
258276,0.11
258281,0.34
258302,0.08
258305,0.15
258310,0.09
258334,0.21
258335,0.17
258338,0.09
258345,0.13
258360,0.07
258363,0.09
258381,0.22
258384,0.11
258387,0.14
258400,0.19
258402,0.15
258406,0.2
258408,0.18
258432,0.05
258443,0.06
258461,0.04
258488,0.14
258489,0.11
258508,0.14
258524,0.05
258527,0.08
258545,0.08
258549,0.07
258560,0.19
258565,0.1
258567,0.11
258575,0.15
258590,0.09
258591,0.06
258592,0.19
258603,0.11
258606,0.1
258610,0.15
258627,0.18
258631,0.1
258637,0.12
258638,0.09
258640,0.14
258645,0.04
258651,0.08
258652,0.18
258653,0.14
258662,0.12
258663,0.08
258671,0.18
258679,0.1
258685,0.12
258686,0.29
258697,0.11
258705,0.18
258723,0.19
258724,0.15
258734,0.07
258763,0.14
258764,0.11
258771,0.16
258773,0.06
258782,0.21
258784,0.04
258790,0.11
258811,0.05
258817,0.15
258818,0.15
258832,0.19
258837,0.19
258841,0.21
258842,0.08
258843,0.17
258860,0.08
258875,0.1
258881,0.1
258887,0.07
258889,0.18
258924,0.19
258925,0.25
258948,0.14
258949,0.14
258963,0.21
258964,0.08
258966,0.31
258973,0.1
258974,0.1
258979,0.12
258989,0.19
258997,0.18
259001,0.05
259013,0.14
259018,0.21
259020,0.28
259031,0.17
259044,0.19
259050,0.26
259064,0.12
259078,0.15
259088,0.26
259124,0.1
259125,0.1
259135,0.1
259137,0.1
259146,0.1
259148,0.35
259168,0.18
259178,0.07
259194,0.11
259198,0.07
259204,0.08
259209,0.1
259223,0.07
259228,0.14
259234,0.24
259237,0.1
259246,0.16
259247,0.04
259249,0.13
259264,0.04
259274,0.15
259281,0.1
259283,0.18
259284,0.15
259285,0.12
259286,0.09
259291,0.3
259304,0.1
259309,0.04
259322,0.11
259323,0.31
259331,0.17
259339,0.16
259344,0.18
259350,0.17
259353,0.13
259356,0.11
259365,0.23
259377,0.31
259397,0.05
259403,0.13
259411,0.07
259415,0.13
259420,0.1
259423,0.19
259424,0.12
259431,0.1
259434,0.15
259438,0.18
259439,0.03
259441,0.11
259452,0.06
259460,0.12
259471,0.07
259483,0.15
259494,0.16
259496,0.06
259500,0.16
259512,0.13
259526,0.08
259528,0.08
259548,0.05
259568,0.09
259593,0.16
259603,0.16
259611,0.04
259620,0.13
259621,0.44
259623,0.08
259633,0.11
259648,0.08
259678,0.07
259691,0.11
259693,0.12
259708,0.17
259720,0.12
259734,0.1
259741,0.18
259749,0.12
259750,0.08
259752,0.11
259755,0.12
259759,0.14
259776,0.06
259779,0.13
259790,0.17
259797,0.12
259799,0.04
259804,0.1
259807,0.13
259810,0.13
259811,0.22
259822,0.09
259833,0.06
259838,0.14
259844,0.11
259846,0.16
259848,0.16
259861,0.2
259867,0.08
259876,0.15
259880,0.13
259897,0.17
259908,0.22
259912,0.11
259920,0.14
259922,0.03
259928,0.09
259932,0.11
259946,0.07
259962,0.41
259982,0.14
259985,0.1
259994,0.22
259996,0.17
260000,0.12
260007,0.15
260018,0.13
260021,0.18
260038,0.11
260051,0.3
260052,0.11
260070,0.07
260074,0.16
260080,0.16
260092,0.04
260097,0.11
260101,0.13
260108,0.09
260117,0.16
260129,0.11
260142,0.09
260145,0.1
260146,0.11
260147,0.08
260148,0.24
260153,0.1
260156,0.07
260171,0.06
260202,0.09
260221,0.09
260222,0.15
260226,0.13
260227,0.11
260247,0.09
260251,0.06
260261,0.1
260264,0.04
260266,0.09
260268,0.13
260289,0.07
260301,0.13
260316,0.13
260348,0.11
260359,0.2
260364,0.18
260391,0.11
260422,0.17
260435,0.04
260438,0.11
260446,0.15
260447,0.1
260458,0.17
260461,0.24
260469,0.13
260471,0.19
260482,0.34
260484,0.13
260487,0.19
260489,0.08
260500,0.11
260508,0.07
260509,0.25
260512,0.18
260525,0.07
260530,0.11
260533,0.13
260538,0.27
260541,0.22
260546,0.16
260551,0.09
260556,0.24
260561,0.1
260566,0.15
260572,0.17
260579,0.25
260582,0.25
260583,0.03
260584,0.17
260586,0.14
260589,0.1
260608,0.2
260632,0.09
260634,0.1
260635,0.16
260645,0.07
260659,0.1
260665,0.16
260673,0.09
260675,0.16
260676,0.09
260700,0.3
260721,0.38
260723,0.11
260732,0.08
260738,0.06
260748,0.15
260782,0.16
260806,0.04
260820,0.12
260825,0.09
260830,0.08
260844,0.15
260858,0.14
260860,0.1
260863,0.12
260867,0.13
260875,0.14
260877,0.17
260902,0.27
260910,0.06
260913,0.05
260923,0.05
260926,0.25
260936,0.14
260937,0.18
260948,0.32
260949,0.17
260959,0.08
260962,0.23
260986,0.2
260988,0.1
260992,0.15
260997,0.12
261007,0.12
261031,0.07
261039,0.11
261044,0.08
261055,0.12
261058,0.11
261069,0.14
261079,0.12
261084,0.13
261097,0.27
261101,0.07
261111,0.14
261115,0.16
261116,0.21
261121,0.11
261124,0.1
261126,0.06
261132,0.06
261161,0.15
261162,0.1
261175,0.09
261187,0.21
261191,0.13
261195,0.09
261197,0.14
261204,0.06
261231,0.09
261248,0.07
261263,0.28
261268,0.21
261273,0.22
261274,0.11
261277,0.23
261283,0.11
261293,0.1
261302,0.23
261309,0.09
261318,0.12
261340,0.27
261346,0.13
261355,0.09
261357,0.11
261365,0.07
261366,0.23
261376,0.11
261380,0.19
261385,0.38
261403,0.17
261416,0.2
261424,0.26
261425,0.11
261431,0.18
261433,0.04
261435,0.11
261440,0.1
261450,0.07
261456,0.35
261464,0.39
261465,0.07
261473,0.14
261475,0.09
261476,0.11
261480,0.05
261481,0.07
261495,0.15
261500,0.14
261506,0.04
261544,0.09
261551,0.03
261566,0.25
261573,0.11
261587,0.09
261592,0.09
261594,0.11
261626,0.11
261635,0.22
261649,0.14
261653,0.04
261660,0.21
261668,0.11
261669,0.07
261676,0.11
261688,0.09
261691,0.14
261699,0.07
261704,0.22
261718,0.32
261719,0.09
261735,0.15
261742,0.06
261746,0.34
261749,0.21
261759,0.1
261763,0.15
261772,0.16
261795,0.23
261798,0.13
261804,0.07
261806,0.13
261813,0.28
261814,0.13
261827,0.04
261835,0.06
261839,0.12
261840,0.17
261845,0.14
261846,0.08
261850,0.1
261853,0.14
261870,0.28
261871,0.07
261883,0.15
261885,0.08
261888,0.16
261892,0.09
261895,0.08
261906,0.08
261912,0.16
261918,0.06
261926,0.18
261930,0.14
261947,0.05
261956,0.16
261958,0.11
261960,0.12
261961,0.24
261965,0.14
261967,0.34
261968,0.11
261974,0.17
261980,0.12
261981,0.13
261983,0.07
261992,0.1
261998,0.08
262002,0.13
262006,0.12
262014,0.03
262017,0.12
262021,0.2
262038,0.26
262040,0.09
262043,0.17
262052,0.12
262054,0.19
262056,0.07
262058,0.09
262062,0.22
262065,0.19
262067,0.14
262070,0.16
262078,0.16
262084,0.12
262091,0.38
262092,0.19
262112,0.18
262114,0.13
262132,0.09
262140,0.28
262152,0.26
262159,0.12
262172,0.17
262180,0.16
262181,0.09
262188,0.32
262202,0.04
262206,0.1
262213,0.13
262227,0.14
262239,0.11
262243,0.13
262246,0.08
262251,0.11
262269,0.09
262272,0.14
262276,0.12
262277,0.11
262278,0.14
262281,0.09
262298,0.11
262308,0.1
262316,0.11
262320,0.13
262321,0.23
262337,0.26
262354,0.33
262362,0.15
262364,0.1
262365,0.1
262372,0.15
262373,0.09
262380,0.12
262392,0.08
262399,0.06
262407,0.18
262418,0.16
262429,0.15
262430,0.06
262446,0.14
262455,0.07
262459,0.16
262475,0.07
262478,0.2
262492,0.17
262520,0.13
262535,0.12
262537,0.08
262538,0.15
262541,0.08
262554,0.2
262559,0.12
262561,0.12
262562,0.1
262575,0.31
262576,0.11
262579,0.14
262581,0.21
262590,0.12
262599,0.11
262607,0.15
262608,0.16
262613,0.12
262620,0.05
262621,0.34
262622,0.17
262623,0.12
262629,0.08
262633,0.07
262650,0.22
262655,0.15
262659,0.23
262660,0.15
262663,0.11
262665,0.07
262666,0.13
262679,0.09
262681,0.23
262702,0.15
262705,0.12
262716,0.08
262725,0.14
262732,0.07
262743,0.05
262749,0.13
262752,0.08
262756,0.17
262758,0.17
262772,0.29
262784,0.12
262791,0.06
262793,0.2
262802,0.14
262814,0.18
262817,0.13
262820,0.03
262827,0.17
262832,0.08
262845,0.08
262847,0.09
262859,0.13
262862,0.15
262864,0.2
262865,0.19
262887,0.03
262914,0.11
262939,0.1
262943,0.21
262958,0.26
262963,0.11
262970,0.09
262979,0.26
262986,0.17
263004,0.09
263015,0.13
263016,0.08
263028,0.17
263029,0.19
263031,0.07
263044,0.11
263046,0.25
263056,0.14
263059,0.05
263061,0.31
263077,0.21
263087,0.22
263105,0.12
263116,0.18
263120,0.13
263127,0.4
263137,0.14
263166,0.08
263175,0.2
263184,0.11
263185,0.14
263205,0.16
263208,0.09
263210,0.19
263220,0.13
263224,0.14
263228,0.18
263240,0.08
263243,0.14
263288,0.1
263290,0.21
263306,0.1
263312,0.17
263319,0.13
263326,0.06
263331,0.1
263339,0.14
263347,0.14
263353,0.15
263355,0.22
263368,0.2
263408,0.13
263414,0.15
263421,0.13
263440,0.13
263458,0.1
263460,0.08
263475,0.06
263477,0.08
263479,0.09
263489,0.15
263492,0.24
263493,0.22
263498,0.11
263510,0.24
263513,0.07
263514,0.11
263517,0.2
263518,0.1
263548,0.09
263561,0.15
263564,0.14
263565,0.2
263576,0.03
263580,0.23
263582,0.12
263584,0.13
263593,0.4
263594,0.16
263598,0.11
263602,0.12
263611,0.13
263640,0.21
263642,0.12
263643,0.16
263646,0.13
263658,0.1
263664,0.07
263683,0.08
263703,0.14
263705,0.16
263709,0.06
263715,0.06
263728,0.11
263732,0.12
263735,0.1
263748,0.15
263750,0.08
263751,0.16
263759,0.05
263763,0.1
263765,0.15
263780,0.07
263783,0.14
263786,0.32
263794,0.16
263799,0.1
263802,0.14
263803,0.14
263820,0.11
263846,0.18
263857,0.08
263858,0.14
263860,0.29
263864,0.1
263870,0.07
263879,0.08
263881,0.13
263882,0.03
263895,0.13
263909,0.14
263918,0.1
263940,0.18
263945,0.08
263946,0.14
263947,0.21
263948,0.18
263962,0.17
263972,0.28
263974,0.05
263981,0.1
263984,0.11
263992,0.34
264001,0.13
264007,0.11
264010,0.03
264011,0.23
264015,0.18
264023,0.26
264030,0.15
264033,0.1
264037,0.1
264043,0.11
264044,0.05
264045,0.24
264050,0.08
264055,0.14
264059,0.11
264060,0.17
264062,0.18
264069,0.13
264077,0.1
264078,0.05
264087,0.06
264094,0.17
264095,0.3
264112,0.07
264113,0.21
264131,0.1
264145,0.11
264148,0.02
264157,0.21
264161,0.12
264173,0.23
264188,0.09
264195,0.1
264198,0.13
264199,0.05
264207,0.14
264209,0.05
264226,0.07
264227,0.11
264243,0.09
264246,0.3
264252,0.11
264254,0.07
264259,0.1
264274,0.12
264280,0.34
264285,0.19
264299,0.09
264331,0.08
264334,0.07
264338,0.1
264341,0.13
264344,0.2
264347,0.21
264350,0.08
264360,0.13
264365,0.17
264367,0.11
264378,0.14
264381,0.22
264397,0.2
264401,0.19
264405,0.11
264417,0.11
264422,0.12
264423,0.14
264424,0.1
264436,0.21
264441,0.07
264451,0.04
264453,0.1
264457,0.07
264460,0.12
264464,0.15
264469,0.15
264485,0.17
264491,0.09
264505,0.12
264535,0.16
264538,0.14
264541,0.07
264544,0.11
264545,0.21
264549,0.25
264557,0.07
264563,0.13
264569,0.22
264574,0.12
264587,0.18
264608,0.14
264610,0.2
264621,0.07
264627,0.11
264642,0.25
264644,0.04
264655,0.17
264660,0.09
264667,0.15
264691,0.12
264694,0.22
264695,0.09
264700,0.13
264709,0.03
264712,0.12
264714,0.1
264722,0.09
264728,0.1
264742,0.1
264744,0.16
264748,0.09
264760,0.21
264763,0.14
264771,0.1
264773,0.06
264782,0.33
264786,0.15
264787,0.19
264809,0.13
264811,0.09
264822,0.17
264823,0.22
264831,0.1
264834,0.28
264841,0.06
264848,0.18
264849,0.15
264863,0.26
264867,0.08
264874,0.1
264875,0.11
264877,0.04
264897,0.18
264900,0.23
264906,0.15
264909,0.11
264913,0.07
264922,0.15
264924,0.12
264927,0.24
264935,0.07
264938,0.29
264968,0.1
264975,0.2
264979,0.1
264989,0.14
265001,0.2
265009,0.12
265014,0.19
265016,0.12
265027,0.29
265049,0.11
265061,0.22
265062,0.16
265068,0.09
265072,0.1
265100,0.1
265105,0.09
265106,0.12
265110,0.11
265123,0.06
265126,0.2
265131,0.12
265134,0.19
265144,0.12
265146,0.23
265154,0.08
265164,0.18
265170,0.11
265172,0.1
265173,0.04
265178,0.18
265187,0.18
265191,0.19
265194,0.2
265216,0.08
265228,0.09
265231,0.09
265232,0.11
265233,0.09
265242,0.18
265243,0.06
265246,0.08
265259,0.12
265265,0.22
265266,0.1
265268,0.19
265280,0.11
265287,0.08
265297,0.1
265298,0.19
265300,0.12
265301,0.08
265305,0.21
265307,0.06
265314,0.11
265320,0.13
265331,0.11
265333,0.12
265336,0.09
265337,0.19
265344,0.1
265346,0.11
265371,0.15
265380,0.05
265386,0.14
265389,0.13
265409,0.18
265414,0.18
265415,0.08
265419,0.09
265422,0.18
265457,0.11
265461,0.17
265463,0.25
265468,0.22
265474,0.19
265478,0.09
265480,0.34
265488,0.14
265493,0.16
265510,0.17
265519,0.11
265521,0.23
265529,0.21
265533,0.3
265577,0.08
265591,0.17
265596,0.23
265607,0.16
265618,0.2
265619,0.09
265620,0.06
265628,0.16
265661,0.19
265669,0.1
265680,0.17
265707,0.19
265714,0.05
265716,0.12
265717,0.16
265718,0.13
265723,0.16
265730,0.11
265732,0.12
265744,0.22
265751,0.17
265760,0.19
265777,0.1
265783,0.1
265791,0.1
265792,0.11
265797,0.15
265798,0.08
265806,0.2
265815,0.11
265816,0.12
265821,0.13
265833,0.03
265854,0.14
265856,0.08
265858,0.09
265862,0.11
265863,0.14
265879,0.12
265881,0.11
265894,0.14
265895,0.54
265896,0.14
265898,0.08
265900,0.1
265907,0.12
265910,0.23
265917,0.2
265941,0.13
265955,0.14
265957,0.19
265961,0.09
265966,0.12
265969,0.16
265974,0.13
265976,0.04
265979,0.13
265985,0.1
265988,0.1
265990,0.14
265991,0.2
265993,0.09
265995,0.21
266009,0.09
266010,0.12
266014,0.19
266020,0.08
266022,0.13
266029,0.17
266045,0.12
266057,0.12
266060,0.21
266065,0.13
266071,0.15
266072,0.15
266074,0.07
266076,0.12
266089,0.04
266091,0.15
266097,0.21
266099,0.2
266106,0.2
266117,0.16
266120,0.19
266129,0.04
266132,0.12
266139,0.21
266140,0.13
266141,0.1
266146,0.32
266149,0.05
266159,0.14
266165,0.03
266171,0.26
266173,0.13
266177,0.22
266179,0.1
266186,0.06
266210,0.19
266227,0.17
266266,0.11
266291,0.1
266319,0.29
266321,0.11
266323,0.08
266329,0.11
266331,0.12
266333,0.21
266334,0.1
266338,0.09
266340,0.06
266344,0.15
266354,0.23
266359,0.1
266362,0.09
266364,0.1
266365,0.06
266379,0.22
266380,0.14
266387,0.05
266393,0.12
266396,0.13
266406,0.12
266418,0.25
266424,0.1
266440,0.14
266442,0.18
266444,0.18
266453,0.21
266455,0.09
266461,0.14
266462,0.1
266465,0.15
266466,0.13
266468,0.39
266471,0.23
266479,0.13
266499,0.22
266536,0.14
266543,0.19
266544,0.13
266556,0.13
266561,0.1
266573,0.09
266578,0.15
266590,0.22
266596,0.09
266624,0.1
266629,0.24
266635,0.1
266644,0.13
266650,0.05
266659,0.11
266666,0.13
266668,0.1
266674,0.21
266680,0.23
266686,0.21
266714,0.19
266730,0.09
266734,0.17
266740,0.24
266745,0.16
266749,0.24
266750,0.13
266751,0.27
266752,0.1
266753,0.12
266759,0.1
266763,0.13
266766,0.1
266783,0.09
266805,0.09
266812,0.11
266813,0.17
266816,0.19
266819,0.13
266820,0.37
266833,0.15
266842,0.09
266847,0.1
266848,0.08
266865,0.23
266867,0.15
266874,0.11
266885,0.08
266888,0.1
266890,0.2
266932,0.15
266941,0.25
266942,0.19
266948,0.08
266959,0.09
266977,0.07
266983,0.08
266984,0.15
266999,0.32
267000,0.25
267023,0.3
267031,0.19
267035,0.15
267046,0.2
267050,0.08
267058,0.05
267070,0.1
267079,0.11
267080,0.19
267093,0.1
267094,0.18
267102,0.13
267107,0.08
267108,0.2
267113,0.1
267127,0.08
267136,0.11
267143,0.06
267155,0.13
267180,0.03
267182,0.13
267184,0.16
267192,0.08
267195,0.18
267220,0.09
267228,0.06
267237,0.15
267241,0.14
267242,0.3
267247,0.17
267259,0.19
267260,0.19
267265,0.15
267269,0.21
267272,0.2
267275,0.13
267282,0.26
267284,0.41
267294,0.1
267298,0.1
267304,0.21
267316,0.17
267324,0.15
267327,0.12
267333,0.09
267338,0.09
267341,0.18
267342,0.14
267344,0.11
267345,0.26
267347,0.02
267361,0.27
267374,0.05
267379,0.08
267380,0.08
267382,0.13
267394,0.08
267403,0.13
267405,0.18
267412,0.09
267421,0.26
267437,0.14
267438,0.08
267443,0.06
267446,0.05
267460,0.16
267466,0.22
267469,0.18
267474,0.09
267488,0.1
267490,0.08
267496,0.56
267499,0.15
267501,0.15
267518,0.17
267522,0.31
267524,0.18
267532,0.1
267535,0.24
267547,0.11
267550,0.11
267559,0.26
267581,0.13
267586,0.17
267588,0.24
267592,0.15
267597,0.14
267600,0.04
267608,0.06
267620,0.08
267625,0.16
267628,0.04
267633,0.1
267639,0.13
267649,0.1
267659,0.18
267662,0.11
267671,0.2
267672,0.11
267677,0.1
267679,0.11
267682,0.07
267687,0.08
267689,0.1
267690,0.17
267707,0.31
267709,0.09
267716,0.1
267738,0.15
267744,0.3
267752,0.07
267754,0.27
267755,0.22
267757,0.17
267758,0.13
267767,0.23
267771,0.13
267808,0.22
267815,0.18
267833,0.1
267841,0.1
267843,0.07
267847,0.09
267857,0.11
267869,0.3
267881,0.23
267887,0.11
267890,0.09
267892,0.19
267895,0.11
267899,0.2
267906,0.11
267912,0.11
267917,0.07
267927,0.09
267930,0.1
267934,0.11
267950,0.08
267965,0.15
267966,0.12
267976,0.1
267998,0.07
267999,0.1
268012,0.13
268013,0.16
268014,0.13
268020,0.1
268028,0.2
268032,0.17
268039,0.13
268041,0.12
268046,0.14
268059,0.15
268064,0.15
268066,0.12
268073,0.15
268077,0.04
268085,0.08
268090,0.17
268109,0.16
268139,0.27
268151,0.18
268153,0.22
268155,0.34
268163,0.08
268166,0.07
268185,0.07
268189,0.09
268190,0.01
268192,0.06
268211,0.29
268213,0.11
268214,0.09
268220,0.09
268225,0.07
268227,0.21
268230,0.12
268247,0.23
268250,0.09
268268,0.17
268269,0.09
268271,0.19
268274,0.16
268280,0.18
268291,0.21
268299,0.05
268301,0.08
268306,0.15
268307,0.14
268310,0.13
268317,0.21
268328,0.06
268329,0.08
268337,0.07
268338,0.12
268357,0.09
268363,0.21
268373,0.08
268380,0.16
268386,0.14
268394,0.04
268407,0.18
268411,0.22
268417,0.08
268421,0.22
268422,0.28
268426,0.1
268427,0.16
268439,0.16
268445,0.01
268446,0.12
268459,0.09
268465,0.18
268466,0.11
268495,0.09
268497,0.1
268504,0.21
268508,0.14
268513,0.28
268525,0.08
268545,0.09
268546,0.05
268550,0.06
268568,0.06
268570,0.13
268590,0.15
268591,0.24
268602,0.11
268609,0.12
268616,0.11
268623,0.13
268645,0.32
268652,0.24
268668,0.29
268685,0.06
268707,0.13
268711,0.19
268714,0.13
268736,0.11
268746,0.33
268747,0.14
268749,0.2
268760,0.26
268761,0.08
268764,0.36
268781,0.09
268790,0.13
268799,0.13
268809,0.06
268814,0.06
268817,0.16
268822,0.07
268827,0.13
268828,0.11
268829,0.13
268845,0.22
268853,0.05
268859,0.04
268900,0.06
268911,0.09
268913,0.23
268917,0.26
268930,0.1
268934,0.03
268935,0.23
268938,0.2
268948,0.14
268950,0.1
268958,0.08
268975,0.08
268982,0.11
268983,0.17
268997,0.07
269009,0.09
269012,0.14
269017,0.17
269031,0.18
269038,0.2
269041,0.22
269045,0.11
269050,0.12
269056,0.1
269058,0.07
269060,0.12
269067,0.13
269082,0.13
269098,0.16
269105,0.1
269117,0.19
269123,0.11
269128,0.16
269143,0.19
269149,0.17
269162,0.2
269168,0.07
269172,0.28
269175,0.16
269189,0.15
269194,0.08
269197,0.17
269204,0.12
269211,0.07
269217,0.32
269222,0.12
269227,0.18
269228,0.11
269232,0.19
269250,0.18
269251,0.05
269257,0.19
269262,0.06
269263,0.08
269267,0.1
269275,0.05
269276,0.16
269279,0.11
269293,0.36
269300,0.14
269305,0.17
269309,0.12
269317,0.21
269352,0.25
269377,0.14
269378,0.08
269389,0.11
269392,0.06
269394,0.09
269402,0.25
269408,0.11
269410,0.09
269417,0.12
269421,0.2
269462,0.13
269481,0.1
269488,0.28
269489,0.11
269491,0.19
269495,0.12
269503,0.08
269510,0.17
269515,0.21
269522,0.09
269523,0.08
269536,0.13
269537,0.14
269549,0.09
269571,0.24
269576,0.14
269587,0.15
269595,0.14
269601,0.1
269610,0.3
269618,0.11
269620,0.16
269623,0.14
269637,0.09
269642,0.09
269652,0.15
269655,0.08
269661,0.15
269663,0.12
269665,0.07
269666,0.17
269667,0.09
269673,0.19
269693,0.13
269701,0.11
269702,0.1
269704,0.12
269718,0.14
269727,0.06
269732,0.07
269736,0.15
269738,0.13
269741,0.03
269744,0.07
269749,0.22
269750,0.05
269758,0.15
269775,0.18
269776,0.13
269777,0.18
269789,0.08
269794,0.25
269797,0.09
269807,0.36
269813,0.1
269844,0.18
269848,0.18
269871,0.08
269877,0.07
269878,0.09
269887,0.14
269904,0.13
269913,0.24
269938,0.17
269941,0.2
269953,0.18
269954,0.14
269955,0.15
269958,0.11
269960,0.09
269966,0.17
269975,0.09
269978,0.13
269989,0.18
269993,0.15
269998,0.12
270001,0.08
270020,0.18
270023,0.14
270028,0.14
270048,0.1
270061,0.12
270062,0.16
270096,0.18
270108,0.09
270118,0.11
270120,0.16
270122,0.09
270127,0.13
270131,0.18
270142,0.04
270146,0.03
270148,0.07
270152,0.1
270165,0.04
270170,0.11
270188,0.09
270204,0.12
270235,0.1
270243,0.25
270254,0.15
270265,0.08
270270,0.32
270287,0.17
270295,0.13
270296,0.07
270302,0.06
270304,0.19
270307,0.14
270310,0.13
270317,0.03
270324,0.13
270326,0.02
270337,0.08
270363,0.18
270371,0.05
270373,0.08
270375,0.12
270376,0.14
270379,0.06
270383,0.3
270390,0.17
270393,0.12
270402,0.1
270410,0.07
270411,0.11
270412,0.15
270415,0.13
270417,0.19
270436,0.2
270440,0.09
270449,0.06
270450,0.12
270457,0.21
270460,0.09
270461,0.07
270467,0.06
270473,0.06
270486,0.09
270488,0.14
270513,0.08
270518,0.07
270522,0.09
270526,0.13
270532,0.11
270545,0.15
270548,0.13
270550,0.09
270562,0.13
270564,0.1
270571,0.06
270572,0.2
270574,0.16
270575,0.13
270579,0.13
270612,0.16
270613,0.19
270622,0.05
270636,0.08
270643,0.1
270644,0.13
270645,0.09
270658,0.12
270661,0.08
270665,0.08
270676,0.2
270685,0.14
270695,0.14
270712,0.13
270719,0.13
270740,0.08
270753,0.09
270756,0.16
270759,0.13
270760,0.13
270764,0.21
270767,0.09
270778,0.05
270782,0.27
270794,0.16
270795,0.23
270799,0.08
270807,0.11
270821,0.2
270826,0.23
270829,0.07
270831,0.1
270843,0.16
270844,0.13
270847,0.07
270854,0.11
270856,0.16
270861,0.13
270862,0.17
270864,0.1
270881,0.08
270883,0.1
270885,0.26
270888,0.2
270894,0.1
270906,0.29
270914,0.1
270919,0.13
270935,0.15
270945,0.19
270957,0.14
270966,0.1
270970,0.19
270971,0.1
270976,0.15
270977,0.25
270978,0.15
270979,0.17
270982,0.12
270987,0.18
270989,0.24
270991,0.09
270992,0.1
270993,0.19
270997,0.34
271010,0.33
271025,0.09
271037,0.18
271038,0.07
271054,0.1
271056,0.19
271065,0.08
271070,0.09
271095,0.11
271099,0.06
271102,0.08
271103,0.18
271105,0.29
271106,0.16
271117,0.15
271134,0.17
271135,0.14
271137,0.2
271145,0.09
271149,0.13
271195,0.07
271199,0.18
271200,0.18
271220,0.11
271233,0.12
271234,0.21
271236,0.19
271248,0.05
271250,0.28
271251,0.07
271255,0.12
271261,0.06
271269,0.07
271276,0.18
271296,0.26
271304,0.21
271314,0.04
271318,0.05
271322,0.1
271325,0.13
271354,0.14
271355,0.07
271359,0.07
271361,0.15
271363,0.38
271367,0.18
271368,0.13
271369,0.06
271393,0.34
271409,0.25
271415,0.07
271418,0.13
271429,0.1
271431,0.08
271432,0.16
271442,0.14
271446,0.2
271448,0.15
271450,0.31
271452,0.13
271460,0.17
271461,0.29
271472,0.12
271496,0.1
271515,0.11
271527,0.12
271537,0.13
271544,0.19
271562,0.1
271565,0.13
271566,0.21
271567,0.11
271570,0.28
271576,0.22
271582,0.18
271586,0.17
271593,0.11
271598,0.18
271606,0.1
271607,0.06
271616,0.25
271617,0.1
271624,0.16
271638,0.13
271652,0.11
271657,0.12
271662,0.08
271665,0.06
271667,0.07
271670,0.24
271675,0.14
271679,0.19
271682,0.15
271696,0.18
271699,0.09
271733,0.25
271739,0.03
271746,0.09
271753,0.09
271756,0.16
271762,0.1
271777,0.12
271781,0.09
271785,0.12
271786,0.13
271790,0.06
271801,0.09
271806,0.13
271807,0.09
271810,0.09
271811,0.1
271815,0.12
271847,0.09
271875,0.1
271878,0.11
271880,0.19
271883,0.04
271911,0.14
271912,0.1
271914,0.16
271922,0.13
271933,0.1
271945,0.08
271952,0.14
271954,0.16
271961,0.14
271967,0.08
271969,0.05
271980,0.16
271989,0.13
271991,0.22
272000,0.1
272004,0.18
272010,0.13
272013,0.34
272029,0.14
272030,0.14
272031,0.1
272035,0.1
272040,0.3
272043,0.08
272055,0.2
272068,0.13
272075,0.22
272081,0.09
272090,0.11
272104,0.11
272116,0.12
272121,0.07
272129,0.12
272143,0.12
272146,0.11
272148,0.18
272152,0.22
272167,0.11
272180,0.14
272192,0.06
272201,0.12
272205,0.15
272209,0.18
272211,0.11
272228,0.11
272233,0.2
272235,0.11
272249,0.17
272267,0.09
272270,0.13
272276,0.08
272302,0.24
272303,0.05
272308,0.16
272309,0.18
272311,0.15
272313,0.06
272353,0.08
272366,0.08
272367,0.14
272371,0.08
272381,0.08
272404,0.12
272405,0.09
272418,0.2
272419,0.11
272425,0.18
272438,0.2
272444,0.14
272445,0.07
272462,0.1
272474,0.11
272478,0.18
272479,0.28
272480,0.18
272482,0.09
272511,0.27
272512,0.08
272516,0.1
272517,0.04
272522,0.04
272537,0.13
272555,0.06
272564,0.25
272566,0.11
272573,0.08
272575,0.14
272583,0.02
272593,0.11
272627,0.04
272628,0.16
272630,0.12
272632,0.09
272635,0.32
272636,0.18
272661,0.12
272669,0.1
272672,0.11
272681,0.17
272682,0.13
272691,0.09
272697,0.15
272706,0.12
272708,0.04
272717,0.12
272722,0.12
272723,0.08
272737,0.01
272744,0.12
272752,0.27
272757,0.1
272760,0.13
272763,0.07
272768,0.06
272779,0.06
272781,0.23
272787,0.17
272795,0.08
272799,0.1
272820,0.12
272821,0.06
272829,0.1
272852,0.13
272863,0.23
272878,0.08
272886,0.14
272891,0.29
272903,0.18
272914,0.1
272928,0.17
272937,0.12
272938,0.13
272944,0.15
272965,0.11
272967,0.13
272969,0.1
272983,0.16
272998,0.17
273002,0.15
273005,0.11
273010,0.12
273011,0.15
273017,0.1
273021,0.1
273023,0.25
273027,0.13
273035,0.08
273047,0.18
273053,0.11
273060,0.23
273062,0.12
273074,0.14
273078,0.08
273079,0.08
273087,0.18
273107,0.19
273109,0.04
273112,0.18
273113,0.1
273117,0.13
273121,0.39
273137,0.12
273156,0.13
273157,0.18
273177,0.15
273192,0.13
273193,0.05
273194,0.08
273198,0.18
273199,0.08
273206,0.28
273213,0.08
273235,0.1
273244,0.14
273247,0.19
273248,0.24
273254,0.14
273259,0.17
273270,0.12
273272,0.15
273287,0.09
273289,0.15
273294,0.06
273301,0.12
273304,0.12
273313,0.1
273314,0.11
273333,0.11
273336,0.23
273343,0.18
273353,0.1
273359,0.08
273371,0.1
273402,0.25
273415,0.06
273420,0.43
273424,0.11
273428,0.08
273429,0.08
273443,0.2
273457,0.06
273458,0.11
273467,0.2
273477,0.13
273482,0.18
273495,0.13
273496,0.08
273503,0.1
273507,0.2
273508,0.2
273510,0.08
273524,0.18
273552,0.06
273556,0.11
273566,0.12
273579,0.06
273584,0.19
273595,0.1
273606,0.05
273623,0.09
273625,0.15
273638,0.35
273660,0.07
273664,0.06
273683,0.11
273686,0.09
273687,0.2
273699,0.13
273700,0.24
273719,0.06
273721,0.26
273728,0.15
273764,0.1
273770,0.12
273774,0.16
273792,0.15
273806,0.12
273807,0.14
273818,0.07
273823,0.21
273835,0.29
273856,0.1
273861,0.06
273863,0.08
273864,0.2
273874,0.29
273879,0.12
273892,0.17
273895,0.09
273899,0.11
273900,0.19
273912,0.13
273921,0.06
273941,0.16
273946,0.11
273954,0.16
273956,0.05
273962,0.1
273968,0.15
273985,0.14
274000,0.17
274003,0.1
274004,0.07
274006,0.19
274019,0.27
274022,0.24
274023,0.1
274034,0.11
274043,0.06
274052,0.16
274054,0.32
274058,0.23
274063,0.12
274070,0.06
274072,0.12
274081,0.08
274108,0.18
274118,0.25
274125,0.21
274129,0.06
274140,0.15
274142,0.17
274146,0.15
274147,0.17
274155,0.11
274163,0.11
274165,0.14
274174,0.12
274182,0.19
274186,0.05
274188,0.11
274193,0.14
274198,0.17
274216,0.09
274219,0.09
274225,0.28
274229,0.09
274248,0.1
274268,0.09
274274,0.07
274286,0.06
274289,0.15
274297,0.08
274302,0.07
274326,0.18
274346,0.23
274348,0.13
274349,0.11
274350,0.18
274353,0.07
274359,0.25
274364,0.08
274368,0.13
274373,0.15
274378,0.19
274389,0.17
274390,0.06
274391,0.11
274392,0.07
274396,0.2
274408,0.12
274409,0.11
274424,0.23
274453,0.16
274460,0.14
274465,0.1
274468,0.1
274481,0.18
274482,0.15
274484,0.1
274490,0.2
274509,0.07
274511,0.08
274515,0.15
274521,0.17
274523,0.15
274525,0.19
274539,0.16
274541,0.13
274574,0.24
274585,0.05
274587,0.1
274594,0.22
274600,0.25
274605,0.14
274611,0.06
274619,0.14
274641,0.21
274666,0.21
274688,0.11
274690,0.16
274699,0.13
274703,0.09
274715,0.09
274717,0.12
274760,0.19
274774,0.14
274791,0.27
274801,0.14
274804,0.13
274808,0.18
274813,0.14
274815,0.16
274818,0.07
274820,0.11
274829,0.08
274847,0.33
274865,0.13
274870,0.16
274881,0.23
274890,0.12
274894,0.14
274902,0.09
274905,0.2
274911,0.09
274912,0.22
274914,0.1
274927,0.06
274931,0.06
274944,0.21
274951,0.07
274953,0.21
274954,0.22
274961,0.09
274965,0.09
274972,0.23
274978,0.14
274984,0.17
274993,0.07
274996,0.07
275043,0.08
275048,0.11
275052,0.14
275059,0.06
275060,0.1
275071,0.13
275077,0.1
275078,0.07
275091,0.09
275098,0.25
275111,0.18
275120,0.26
275121,0.18
275125,0.14
275129,0.06
275139,0.07
275150,0.09
275153,0.05
275166,0.25
275185,0.15
275199,0.23
275201,0.02
275203,0.13
275216,0.15
275225,0.22
275226,0.06
275232,0.11
275254,0.1
275256,0.37
275272,0.23
275278,0.08
275280,0.07
275286,0.19
275288,0.06
275299,0.15
275306,0.13
275313,0.11
275314,0.13
275319,0.27
275324,0.18
275330,0.11
275334,0.1
275335,0.17
275337,0.09
275339,0.18
275351,0.15
275352,0.11
275367,0.11
275384,0.14
275392,0.23
275393,0.12
275408,0.15
275411,0.19
275413,0.25
275415,0.09
275416,0.19
275422,0.13
275424,0.18
275438,0.19
275440,0.18
275468,0.06
275469,0.13
275473,0.12
275482,0.22
275488,0.07
275502,0.16
275503,0.07
275511,0.12
275518,0.17
275520,0.14
275524,0.07
275531,0.18
275537,0.19
275558,0.03
275574,0.12
275576,0.16
275583,0.16
275588,0.08
275605,0.24
275612,0.16
275627,0.17
275633,0.13
275646,0.15
275647,0.32
275653,0.28
275661,0.19
275683,0.13
275688,0.08
275691,0.16
275713,0.17
275731,0.05
275735,0.14
275739,0.07
275761,0.2
275762,0.12
275767,0.19
275768,0.2
275769,0.31
275774,0.08
275776,0.15
275783,0.15
275800,0.1
275805,0.22
275836,0.07
275842,0.12
275855,0.28
275860,0.06
275870,0.22
275884,0.18
275897,0.17
275899,0.06
275900,0.1
275906,0.2
275912,0.18
275922,0.26
275929,0.24
275931,0.26
275932,0.07
275936,0.34
275937,0.06
275947,0.28
275949,0.26
275954,0.2
275958,0.12
275966,0.2
275967,0.14
275970,0.25
275989,0.11
275993,0.15
275995,0.17
275998,0.12
276007,0.18
276011,0.11
276029,0.23
276047,0.06
276048,0.15
276050,0.17
276054,0.09
276056,0.08
276057,0.13
276060,0.04
276084,0.07
276089,0.12
276118,0.09
276121,0.24
276122,0.17
276130,0.09
276134,0.15
276135,0.15
276142,0.21
276164,0.07
276195,0.29
276210,0.21
276235,0.13
276238,0.2
276242,0.04
276244,0.22
276247,0.15
276263,0.2
276306,0.16
276309,0.08
276319,0.17
276334,0.07
276338,0.08
276343,0.06
276344,0.03
276345,0.08
276348,0.09
276359,0.12
276363,0.1
276365,0.08
276366,0.19
276373,0.16
276378,0.13
276386,0.15
276405,0.16
276419,0.08
276422,0.1
276430,0.11
276437,0.15
276442,0.14
276444,0.12
276446,0.06
276455,0.21
276470,0.14
276472,0.09
276475,0.25
276479,0.13
276484,0.07
276487,0.11
276488,0.21
276495,0.15
276497,0.18
276508,0.29
276509,0.1
276516,0.1
276521,0.06
276525,0.12
276550,0.05
276560,0.09
276569,0.08
276584,0.1
276603,0.13
276615,0.07
276617,0.06
276622,0.11
276625,0.11
276629,0.08
276642,0.09
276664,0.11
276674,0.08
276675,0.33
276678,0.16
276692,0.12
276693,0.09
276697,0.08
276703,0.12
276705,0.13
276717,0.28
276728,0.06
276744,0.14
276762,0.14
276764,0.1
276781,0.16
276793,0.18
276798,0.14
276800,0.14
276805,0.17
276824,0.14
276826,0.16
276848,0.2
276854,0.12
276862,0.2
276865,0.14
276869,0.2
276880,0.07
276882,0.11
276886,0.13
276889,0.11
276892,0.14
276903,0.05
276906,0.11
276936,0.14
276945,0.06
276956,0.08
276958,0.06
276963,0.07
276966,0.06
276987,0.2
276993,0.17
276994,0.11
277004,0.11
277015,0.07
277021,0.19
277024,0.16
277032,0.16
277054,0.23
277055,0.08
277061,0.11
277065,0.13
277070,0.11
277079,0.11
277088,0.07
277108,0.14
277114,0.15
277121,0.08
277137,0.11
277148,0.12
277158,0.2
277162,0.19
277165,0.22
277167,0.13
277170,0.07
277172,0.13
277177,0.16
277179,0.29
277182,0.17
277185,0.19
277191,0.16
277200,0.18
277211,0.1
277217,0.09
277221,0.07
277226,0.09
277227,0.11
277228,0.27
277229,0.11
277244,0.11
277271,0.12
277274,0.07
277282,0.04
277286,0.06
277288,0.13
277290,0.08
277291,0.14
277296,0.12
277297,0.07
277320,0.13
277327,0.16
277335,0.17
277336,0.09
277338,0.21
277342,0.27
277344,0.11
277345,0.1
277349,0.09
277356,0.13
277370,0.18
277371,0.1
277379,0.14
277386,0.33
277390,0.12
277400,0.13
277401,0.27
277412,0.13
277413,0.17
277415,0.1
277417,0.17
277419,0.21
277422,0.16
277423,0.11
277425,0.1
277432,0.06
277438,0.12
277445,0.08
277447,0.16
277456,0.15
277457,0.13
277474,0.15
277488,0.09
277494,0.06
277501,0.21
277503,0.2
277510,0.19
277516,0.14
277521,0.2
277522,0.09
277530,0.13
277531,0.27
277536,0.11
277548,0.17
277550,0.14
277554,0.11
277555,0.15
277562,0.07
277565,0.21
277566,0.15
277572,0.16
277592,0.12
277593,0.13
277610,0.14
277621,0.08
277654,0.22
277668,0.11
277673,0.04
277675,0.12
277694,0.05
277697,0.14
277699,0.08
277700,0.08
277701,0.13
277708,0.21
277710,0.08
277717,0.13
277725,0.17
277731,0.18
277746,0.19
277753,0.06
277757,0.18
277764,0.1
277772,0.11
277775,0.25
277777,0.13
277787,0.1
277797,0.11
277798,0.18
277802,0.2
277812,0.11
277816,0.09
277820,0.1
277821,0.11
277822,0.13
277838,0.17
277845,0.07
277846,0.07
277854,0.14
277856,0.16
277866,0.07
277874,0.12
277893,0.14
277900,0.18
277964,0.15
277970,0.12
277976,0.11
277983,0.11
277994,0.09
278011,0.18
278025,0.35
278045,0.13
278048,0.28
278066,0.12
278088,0.11
278098,0.1
278101,0.37
278113,0.07
278114,0.11
278128,0.1
278152,0.1
278157,0.25
278168,0.22
278169,0.13
278174,0.16
278176,0.15
278181,0.15
278185,0.12
278225,0.14
278236,0.29
278242,0.14
278244,0.07
278251,0.16
278252,0.14
278272,0.09
278279,0.11
278287,0.19
278288,0.13
278309,0.16
278310,0.14
278316,0.12
278318,0.33
278320,0.13
278344,0.22
278356,0.18
278359,0.09
278361,0.09
278368,0.12
278372,0.11
278384,0.27
278388,0.14
278409,0.24
278414,0.08
278415,0.13
278416,0.18
278422,0.12
278423,0.28
278432,0.06
278436,0.09
278455,0.09
278461,0.26
278469,0.12
278482,0.26
278487,0.08
278493,0.11
278501,0.12
278508,0.19
278511,0.12
278519,0.17
278526,0.1
278530,0.14
278533,0.1
278539,0.16
278545,0.05
278556,0.08
278559,0.1
278587,0.15
278601,0.16
278603,0.17
278604,0.17
278605,0.08
278606,0.03
278613,0.14
278616,0.16
278618,0.12
278632,0.24
278633,0.1
278637,0.09
278645,0.06
278649,0.1
278653,0.2
278662,0.08
278673,0.08
278700,0.17
278703,0.11
278704,0.1
278723,0.14
278725,0.14
278730,0.08
278750,0.09
278765,0.13
278770,0.08
278779,0.07
278787,0.13
278791,0.12
278804,0.15
278807,0.1
278810,0.09
278812,0.22
278815,0.26
278821,0.14
278825,0.12
278832,0.09
278836,0.19
278838,0.16
278840,0.17
278844,0.14
278862,0.07
278863,0.15
278871,0.1
278875,0.1
278892,0.31
278899,0.13
278903,0.05
278909,0.17
278913,0.21
278931,0.04
278932,0.16
278933,0.15
278937,0.17
278952,0.16
278954,0.09
278960,0.21
278967,0.11
278968,0.06
278972,0.18
278976,0.27
278982,0.14
278983,0.08
279001,0.1
279015,0.08
279018,0.11
279035,0.32
279040,0.16
279043,0.12
279046,0.15
279061,0.15
279063,0.1
279065,0.07
279068,0.06
279070,0.12
279074,0.18
279076,0.19
279086,0.07
279095,0.11
279107,0.21
279108,0.24
279109,0.06
279110,0.16
279111,0.09
279129,0.13
279134,0.15
279137,0.23
279142,0.14
279146,0.04
279153,0.04
279157,0.12
279165,0.05
279166,0.12
279172,0.09
279173,0.15
279174,0.17
279179,0.13
279182,0.07
279186,0.06
279187,0.18
279189,0.15
279201,0.18
279202,0.1
279213,0.06
279214,0.1
279217,0.02
279230,0.25
279232,0.13
279233,0.1
279235,0.16
279250,0.07
279252,0.05
279257,0.26
279265,0.13
279266,0.1
279279,0.08
279281,0.05
279282,0.03
279285,0.08
279286,0.11
279297,0.05
279300,0.09
279318,0.08
279324,0.05
279334,0.08
279335,0.09
279336,0.12
279341,0.19
279342,0.25
279353,0.16
279357,0.26
279371,0.19
279376,0.1
279391,0.16
279392,0.05
279402,0.25
279406,0.23
279408,0.16
279434,0.13
279439,0.09
279448,0.07
279450,0.12
279456,0.08
279461,0.15
279466,0.12
279470,0.15
279471,0.2
279493,0.11
279500,0.14
279506,0.07
279512,0.09
279519,0.14
279533,0.06
279549,0.07
279551,0.29
279556,0.09
279557,0.27
279558,0.17
279566,0.23
279592,0.21
279595,0.23
279604,0.13
279608,0.1
279614,0.1
279618,0.2
279622,0.13
279648,0.18
279652,0.11
279653,0.19
279679,0.09
279690,0.2
279691,0.29
279694,0.28
279698,0.07
279702,0.18
279712,0.12
279713,0.15
279715,0.12
279725,0.12
279727,0.17
279733,0.1
279742,0.14
279748,0.12
279754,0.18
279756,0.21
279776,0.18
279778,0.21
279779,0.05
279782,0.14
279793,0.1
279794,0.18
279804,0.23
279810,0.02
279817,0.45
279828,0.13
279830,0.07
279831,0.11
279834,0.18
279835,0.05
279840,0.13
279847,0.11
279852,0.12
279854,0.13
279856,0.11
279859,0.1
279862,0.07
279876,0.16
279878,0.13
279889,0.18
279894,0.08
279897,0.08
279903,0.17
279904,0.05
279906,0.13
279909,0.19
279922,0.15
279925,0.09
279939,0.15
279940,0.09
279942,0.12
279948,0.03
279952,0.13
279960,0.06
279968,0.1
279969,0.19
279977,0.25
279980,0.12
279994,0.12
279997,0.16
279998,0.16
280007,0.1
280009,0.3
280010,0.23
280020,0.05
280021,0.07
280022,0.12
280052,0.09
280058,0.11
280074,0.11
280076,0.05
280085,0.24
280091,0.16
280095,0.06
280107,0.2
280116,0.25
280140,0.2
280144,0.18
280156,0.09
280177,0.1
280191,0.06
280205,0.1
280226,0.17
280230,0.2
280234,0.09
280264,0.11
280274,0.1
280298,0.06
280299,0.16
280300,0.2
280301,0.04
280308,0.09
280317,0.12
280319,0.14
280322,0.1
280342,0.12
280348,0.2
280350,0.1
280353,0.17
280366,0.11
280372,0.06
280374,0.07
280376,0.32
280381,0.09
280384,0.04
280388,0.08
280397,0.15
280401,0.09
280409,0.13
280413,0.06
280422,0.17
280424,0.15
280426,0.2
280429,0.11
280430,0.19
280435,0.11
280444,0.06
280450,0.22
280455,0.25
280459,0.11
280462,0.22
280466,0.21
280470,0.1
280473,0.07
280517,0.2
280524,0.19
280527,0.09
280531,0.13
280548,0.1
280558,0.3
280563,0.1
280598,0.14
280599,0.18
280603,0.24
280607,0.05
280610,0.19
280612,0.21
280625,0.1
280631,0.11
280650,0.24
280653,0.45
280657,0.11
280669,0.09
280675,0.11
280679,0.16
280685,0.08
280691,0.14
280693,0.1
280706,0.09
280714,0.02
280719,0.18
280724,0.17
280725,0.14
280737,0.2
280738,0.15
280744,0.06
280746,0.34
280760,0.16
280772,0.15
280777,0.19
280784,0.14
280785,0.15
280791,0.13
280793,0.05
280794,0.05
280800,0.14
280805,0.13
280806,0.08
280815,0.17
280823,0.1
280831,0.2
280832,0.11
280841,0.11
280845,0.2
280846,0.06
280854,0.2
280857,0.05
280861,0.17
280862,0.14
280867,0.18
280877,0.13
280879,0.1
280890,0.11
280891,0.2
280903,0.32
280916,0.11
280929,0.07
280934,0.15
280941,0.19
280947,0.14
280962,0.07
280963,0.17
280966,0.08
280967,0.09
280971,0.31
281005,0.1
281007,0.2
281008,0.1
281009,0.11
281016,0.12
281024,0.2
281039,0.2
281045,0.06
281054,0.19
281055,0.12
281056,0.09
281068,0.13
281092,0.16
281094,0.08
281118,0.22
281133,0.13
281137,0.08
281164,0.19
281176,0.07
281177,0.14
281184,0.1
281187,0.18
281192,0.09
281195,0.18
281220,0.14
281222,0.22
281227,0.11
281234,0.13
281251,0.12
281278,0.09
281298,0.28
281303,0.16
281306,0.16
281314,0.08
281320,0.17
281322,0.18
281337,0.14
281347,0.29
281357,0.16
281362,0.1
281365,0.13
281366,0.08
281367,0.14
281373,0.15
281376,0.1
281400,0.23
281417,0.1
281420,0.1
281422,0.17
281435,0.08
281439,0.06
281448,0.1
281451,0.14
281453,0.08
281482,0.12
281494,0.22
281514,0.1
281515,0.21
281542,0.07
281556,0.14
281568,0.12
281592,0.14
281593,0.06
281607,0.18
281613,0.08
281618,0.19
281620,0.13
281628,0.12
281629,0.07
281633,0.1
281634,0.13
281642,0.05
281643,0.07
281653,0.1
281661,0.19
281671,0.11
281675,0.13
281684,0.13
281692,0.33
281697,0.17
281730,0.11
281731,0.14
281734,0.16
281737,0.12
281750,0.19
281752,0.15
281764,0.12
281782,0.11
281791,0.11
281793,0.21
281795,0.13
281824,0.14
281831,0.08
281845,0.1
281848,0.1
281854,0.13
281855,0.11
281867,0.05
281873,0.08
281875,0.14
281876,0.2
281881,0.13
281905,0.1
281906,0.19
281907,0.13
281914,0.18
281929,0.09
281936,0.2
281938,0.11
281940,0.07
281941,0.14
281950,0.11
281954,0.09
281955,0.17
281956,0.2
281957,0.07
281968,0.14
281972,0.39
281974,0.08
281987,0.09
281996,0.12
281998,0.12
282002,0.12
282004,0.16
282005,0.07
282020,0.17
282021,0.12
282041,0.13
282045,0.1
282046,0.13
282048,0.14
282056,0.14
282063,0.09
282068,0.12
282072,0.12
282100,0.09
282104,0.13
282105,0.07
282106,0.14
282108,0.13
282114,0.18
282132,0.16
282133,0.06
282136,0.14
282145,0.14
282146,0.17
282150,0.08
282151,0.13
282152,0.17
282157,0.2
282165,0.09
282167,0.02
282178,0.1
282179,0.15
282204,0.11
282208,0.1
282218,0.11
282221,0.35
282223,0.09
282226,0.1
282230,0.12
282232,0.17
282235,0.09
282236,0.12
282239,0.15
282246,0.09
282250,0.29
282259,0.06
282270,0.21
282272,0.04
282282,0.2
282292,0.16
282306,0.14
282311,0.16
282317,0.3
282318,0.08
282331,0.09
282338,0.19
282349,0.07
282350,0.25
282355,0.05
282359,0.29
282382,0.13
282396,0.1
282399,0.18
282408,0.12
282421,0.18
282427,0.1
282437,0.02
282446,0.09
282448,0.1
282453,0.12
282456,0.11
282457,0.06
282465,0.2
282476,0.11
282478,0.1
282482,0.17
282485,0.2
282492,0.24
282498,0.14
282503,0.09
282512,0.13
282521,0.21
282531,0.34
282548,0.14
282582,0.17
282585,0.06
282605,0.18
282618,0.12
282633,0.07
282642,0.2
282645,0.24
282647,0.09
282649,0.07
282654,0.06
282661,0.11
282667,0.06
282668,0.19
282678,0.12
282679,0.23
282687,0.12
282688,0.11
282691,0.07
282702,0.14
282709,0.14
282712,0.14
282715,0.16
282726,0.08
282735,0.18
282737,0.11
282746,0.27
282751,0.05
282754,0.29
282758,0.07
282773,0.4
282787,0.17
282794,0.08
282812,0.08
282822,0.18
282827,0.21
282836,0.05
282841,0.14
282854,0.06
282862,0.06
282873,0.12
282890,0.12
282900,0.26
282906,0.2
282910,0.15
282915,0.1
282929,0.04
282933,0.15
282944,0.11
282945,0.12
282950,0.05
282954,0.14
282960,0.05
282961,0.11
282962,0.07
282965,0.07
282971,0.14
282974,0.1
282975,0.1
282979,0.08
282984,0.1
282990,0.17
282998,0.16
283005,0.24
283013,0.14
283018,0.15
283029,0.32
283032,0.12
283036,0.08
283041,0.21
283046,0.17
283050,0.06
283057,0.19
283065,0.18
283069,0.27
283074,0.07
283076,0.15
283077,0.12
283089,0.07
283090,0.12
283094,0.18
283110,0.07
283118,0.17
283127,0.08
283130,0.15
283139,0.14
283143,0.18
283144,0.29
283146,0.05
283150,0.16
283161,0.16
283177,0.21
283180,0.1
283184,0.14
283191,0.15
283193,0.14
283196,0.24
283199,0.12
283202,0.09
283205,0.08
283213,0.07
283216,0.11
283218,0.13
283220,0.08
283227,0.23
283233,0.08
283248,0.16
283250,0.16
283261,0.09
283264,0.06
283267,0.09
283269,0.04
283271,0.13
283282,0.16
283283,0.02
283290,0.15
283295,0.16
283298,0.17
283303,0.3
283309,0.09
283310,0.19
283314,0.18
283317,0.07
283318,0.14
283323,0.17
283327,0.09
283328,0.19
283336,0.13
283340,0.1
283344,0.14
283345,0.19
283360,0.08
283361,0.07
283383,0.17
283387,0.18
283390,0.1
283412,0.06
283426,0.05
283429,0.15
283433,0.15
283437,0.14
283438,0.06
283461,0.14
283466,0.06
283477,0.12
283479,0.07
283483,0.12
283484,0.13
283486,0.13
283500,0.11
283512,0.16
283515,0.13
283517,0.35
283519,0.15
283523,0.09
283528,0.26
283555,0.16
283565,0.14
283572,0.08
283576,0.05
283586,0.2
283590,0.12
283606,0.15
283615,0.13
283619,0.14
283632,0.35
283635,0.1
283636,0.1
283641,0.21
283642,0.14
283647,0.09
283667,0.13
283683,0.13
283684,0.09
283687,0.18
283691,0.13
283693,0.07
283701,0.16
283702,0.17
283711,0.26
283713,0.41
283726,0.14
283730,0.09
283736,0.07
283737,0.28
283740,0.12
283748,0.11
283750,0.13
283756,0.11
283757,0.06
283774,0.3
283776,0.28
283784,0.14
283790,0.16
283796,0.06
283806,0.14
283816,0.06
283825,0.18
283827,0.06
283835,0.06
283839,0.19
283843,0.06
283874,0.32
283880,0.06
283881,0.18
283882,0.22
283887,0.04
283891,0.19
283893,0.11
283895,0.1
283900,0.2
283906,0.1
283938,0.09
283943,0.06
283953,0.24
283958,0.16
283961,0.04
283972,0.17
283973,0.06
283986,0.17
283990,0.08
283994,0.26
284000,0.08
284002,0.1
284003,0.16
284035,0.19
284049,0.1
284055,0.04
284060,0.14
284061,0.13
284069,0.12
284072,0.12
284075,0.23
284087,0.09
284093,0.13
284095,0.12
284096,0.13
284106,0.08
284109,0.15
284112,0.09
284126,0.11
284152,0.11
284155,0.12
284157,0.07
284159,0.15
284194,0.14
284207,0.15
284211,0.13
284220,0.17
284232,0.11
284239,0.18
284246,0.08
284257,0.08
284259,0.08
284272,0.13
284277,0.13
284279,0.2
284283,0.09
284294,0.07
284298,0.08
284305,0.18
284309,0.09
284311,0.08
284315,0.09
284338,0.42
284340,0.27
284342,0.16
284344,0.13
284348,0.12
284361,0.19
284373,0.12
284380,0.37
284408,0.07
284422,0.16
284423,0.18
284427,0.07
284433,0.13
284442,0.1
284462,0.17
284481,0.27
284487,0.07
284492,0.11
284495,0.13
284499,0.25
284503,0.12
284506,0.14
284507,0.08
284511,0.27
284512,0.11
284513,0.07
284520,0.1
284537,0.1
284557,0.18
284560,0.08
284571,0.1
284573,0.31
284574,0.1
284575,0.06
284576,0.17
284578,0.09
284592,0.17
284606,0.13
284609,0.1
284614,0.11
284627,0.06
284630,0.23
284633,0.07
284647,0.08
284650,0.09
284655,0.22
284661,0.06
284664,0.08
284668,0.14
284682,0.14
284683,0.15
284691,0.05
284692,0.21
284695,0.07
284751,0.31
284785,0.17
284796,0.08
284797,0.06
284799,0.15
284805,0.08
284811,0.13
284844,0.09
284856,0.17
284861,0.24
284864,0.1
284866,0.17
284867,0.09
284871,0.03
284873,0.04
284888,0.38
284895,0.09
284906,0.07
284907,0.23
284908,0.12
284914,0.15
284916,0.13
284920,0.08
284926,0.11
284934,0.05
284937,0.13
284949,0.19
284986,0.1
285002,0.16
285006,0.11
285007,0.2
285008,0.16
285016,0.13
285040,0.1
285041,0.07
285050,0.15
285051,0.09
285059,0.09
285077,0.1
285078,0.13
285097,0.07
285102,0.18
285104,0.04
285117,0.09
285119,0.17
285120,0.13
285122,0.16
285131,0.1
285137,0.1
285139,0.14
285147,0.08
285176,0.04
285177,0.12
285183,0.14
285184,0.09
285200,0.07
285213,0.19
285224,0.17
285232,0.14
285245,0.33
285249,0.06
285253,0.11
285268,0.12
285276,0.1
285282,0.15
285284,0.33
285297,0.18
285304,0.09
285305,0.15
285337,0.16
285346,0.12
285349,0.12
285354,0.13
285359,0.14
285366,0.2
285367,0.19
285368,0.14
285376,0.17
285382,0.02
285385,0.17
285389,0.07
285396,0.05
285398,0.12
285399,0.14
285403,0.06
285405,0.27
285407,0.12
285417,0.15
285419,0.11
285431,0.1
285457,0.14
285462,0.22
285463,0.08
285472,0.17
285476,0.08
285479,0.3
285482,0.15
285486,0.14
285487,0.15
285497,0.14
285498,0.14
285507,0.29
285509,0.13
285514,0.1
285516,0.06
285521,0.08
285525,0.07
285528,0.13
285555,0.18
285559,0.11
285561,0.06
285562,0.24
285565,0.24
285571,0.13
285583,0.1
285588,0.15
285603,0.1
285612,0.25
285628,0.16
285635,0.13
285649,0.05
285651,0.07
285653,0.06
285662,0.19
285665,0.06
285678,0.14
285681,0.11
285694,0.24
285695,0.13
285701,0.1
285721,0.29
285730,0.03
285733,0.07
285743,0.08
285744,0.18
285746,0.18
285778,0.08
285784,0.12
285808,0.09
285810,0.17
285831,0.18
285833,0.02
285841,0.05
285842,0.2
285844,0.07
285847,0.17
285853,0.08
285861,0.3
285863,0.1
285867,0.07
285870,0.26
285879,0.09
285880,0.11
285882,0.07
285893,0.14
285897,0.13
285912,0.1
285914,0.13
285918,0.15
285927,0.06
285931,0.21
285932,0.13
285962,0.06
285975,0.19
285978,0.17
285996,0.2
286000,0.11
286010,0.15
286011,0.15
286018,0.11
286033,0.1
286038,0.24
286042,0.11
286044,0.07
286047,0.11
286050,0.22
286052,0.08
286056,0.12
286058,0.09
286083,0.13
286088,0.18
286094,0.13
286107,0.26
286112,0.15
286124,0.13
286128,0.13
286141,0.18
286146,0.19
286147,0.11
286153,0.06
286163,0.13
286169,0.19
286175,0.16
286185,0.08
286194,0.24
286198,0.11
286201,0.17
286202,0.27
286213,0.08
286218,0.15
286250,0.07
286257,0.14
286264,0.16
286265,0.07
286266,0.13
286287,0.12
286292,0.09
286294,0.14
286295,0.21
286299,0.17
286300,0.15
286302,0.2
286310,0.29
286316,0.1
286332,0.14
286353,0.14
286354,0.1
286357,0.15
286375,0.08
286382,0.22
286389,0.2
286404,0.05
286405,0.15
286411,0.15
286412,0.14
286421,0.17
286423,0.21
286426,0.25
286433,0.01
286438,0.1
286441,0.06
286444,0.06
286447,0.11
286459,0.16
286473,0.18
286484,0.1
286485,0.37
286501,0.1
286502,0.17
286509,0.08
286511,0.26
286516,0.31
286547,0.27
286549,0.17
286553,0.14
286558,0.16
286566,0.06
286572,0.14
286582,0.15
286587,0.12
286590,0.13
286594,0.23
286598,0.06
286602,0.13
286608,0.14
286610,0.05
286627,0.13
286661,0.26
286664,0.23
286668,0.09
286683,0.06
286684,0.08
286689,0.19
286696,0.17
286697,0.08
286703,0.09
286705,0.08
286707,0.25
286708,0.21
286711,0.07
286714,0.16
286734,0.08
286747,0.14
286760,0.17
286763,0.06
286772,0.13
286773,0.09
286791,0.13
286813,0.19
286814,0.19
286817,0.1
286836,0.08
286838,0.06
286844,0.06
286854,0.13
286856,0.15
286859,0.2
286864,0.08
286865,0.13
286868,0.23
286881,0.17
286882,0.1
286888,0.1
286890,0.31
286892,0.1
286895,0.13
286906,0.07
286924,0.07
286930,0.13
286931,0.19
286942,0.1
286955,0.11
286960,0.14
286962,0.1
286966,0.05
286967,0.08
286971,0.05
286983,0.06
286985,0.1
286986,0.21
286987,0.26
286992,0.12
287003,0.17
287004,0.09
287006,0.23
287029,0.11
287036,0.12
287038,0.16
287049,0.13
287050,0.05
287057,0.14
287065,0.06
287066,0.27
287089,0.09
287093,0.21
287096,0.21
287103,0.11
287104,0.12
287109,0.12
287133,0.26
287137,0.13
287141,0.28
287146,0.07
287148,0.1
287177,0.09
287184,0.09
287197,0.18
287204,0.12
287206,0.2
287208,0.24
287225,0.18
287228,0.18
287252,0.27
287260,0.08
287264,0.15
287270,0.16
287271,0.06
287272,0.08
287274,0.16
287280,0.12
287281,0.13
287290,0.1
287298,0.1
287299,0.25
287301,0.02
287314,0.13
287321,0.22
287322,0.12
287329,0.2
287331,0.09
287337,0.22
287349,0.13
287358,0.13
287370,0.31
287371,0.23
287376,0.1
287378,0.1
287386,0.24
287394,0.08
287397,0.07
287419,0.09
287428,0.16
287438,0.12
287439,0.12
287449,0.13
287450,0.13
287460,0.13
287472,0.08
287474,0.16
287483,0.12
287495,0.11
287510,0.08
287512,0.09
287530,0.09
287531,0.11
287543,0.17
287549,0.16
287564,0.27
287574,0.06
287580,0.12
287587,0.12
287594,0.08
287605,0.1
287617,0.17
287621,0.09
287626,0.11
287629,0.17
287632,0.26
287636,0.28
287644,0.14
287648,0.15
287666,0.12
287672,0.15
287701,0.12
287708,0.09
287718,0.14
287724,0.21
287726,0.07
287729,0.21
287732,0.13
287733,0.09
287734,0.26
287750,0.14
287755,0.12
287762,0.13
287764,0.08
287766,0.08
287775,0.05
287781,0.15
287785,0.12
287789,0.08
287792,0.15
287796,0.05
287804,0.22
287822,0.14
287835,0.1
287840,0.14
287850,0.11
287851,0.1
287852,0.2
287858,0.23
287859,0.12
287860,0.11
287861,0.19
287866,0.08
287868,0.07
287873,0.18
287876,0.15
287877,0.03
287878,0.16
287879,0.18
287883,0.13
287888,0.07
287894,0.31
287895,0.08
287912,0.11
287915,0.21
287920,0.08
287922,0.12
287926,0.1
287929,0.11
287931,0.17
287936,0.13
287942,0.13
287946,0.11
287948,0.09
287963,0.14
288003,0.1
288005,0.16
288012,0.18
288013,0.26
288026,0.16
288027,0.09
288031,0.09
288039,0.11
288041,0.2
288045,0.12
288065,0.19
288068,0.11
288079,0.11
288084,0.39
288111,0.17
288129,0.18
288138,0.55
288154,0.11
288167,0.1
288178,0.09
288184,0.12
288193,0.05
288203,0.12
288207,0.21
288223,0.12
288226,0.2
288237,0.1
288257,0.28
288259,0.11
288269,0.13
288273,0.14
288276,0.11
288280,0.12
288283,0.12
288291,0.25
288299,0.1
288305,0.18
288316,0.12
288322,0.06
288333,0.1
288337,0.13
288341,0.11
288345,0.08
288348,0.08
288350,0.11
288353,0.14
288372,0.12
288375,0.24
288395,0.08
288408,0.18
288425,0.25
288430,0.22
288433,0.09
288459,0.14
288462,0.18
288463,0.08
288470,0.07
288472,0.09
288475,0.17
288495,0.26
288517,0.18
288530,0.15
288535,0.13
288539,0.11
288540,0.1
288547,0.33
288553,0.09
288555,0.37
288556,0.16
288562,0.1
288564,0.1
288567,0.26
288576,0.07
288579,0.06
288580,0.14
288589,0.13
288596,0.2
288597,0.15
288599,0.09
288601,0.11
288617,0.08
288621,0.2
288635,0.09
288656,0.12
288666,0.07
288670,0.17
288671,0.11
288673,0.09
288678,0.2
288693,0.2
288699,0.12
288706,0.16
288728,0.09
288739,0.12
288741,0.1
288755,0.11
288763,0.13
288766,0.1
288775,0.24
288780,0.08
288793,0.19
288811,0.11
288821,0.15
288829,0.21
288835,0.14
288836,0.12
288838,0.22
288851,0.11
288853,0.11
288854,0.09
288855,0.17
288876,0.08
288879,0.2
288884,0.19
288886,0.07
288891,0.14
288898,0.13
288911,0.22
288913,0.09
288927,0.14
288928,0.07
288931,0.17
288955,0.08
288961,0.09
288969,0.28
288971,0.11
288973,0.2
288982,0.09
288983,0.11
288986,0.15
288992,0.17
288993,0.09
288996,0.06
289007,0.19
289008,0.12
289014,0.11
289015,0.12
289016,0.09
289017,0.09
289028,0.07
289030,0.18
289040,0.07
289048,0.09
289051,0.16
289055,0.05
289057,0.05
289062,0.13
289063,0.11
289069,0.13
289073,0.17
289074,0.05
289085,0.15
289092,0.07
289097,0.06
289111,0.13
289112,0.19
289116,0.1
289123,0.07
289145,0.21
289146,0.14
289158,0.18
289165,0.12
289166,0.1
289167,0.37
289170,0.28
289193,0.12
289198,0.13
289209,0.17
289211,0.08
289215,0.16
289220,0.06
289232,0.23
289244,0.15
289258,0.1
289271,0.11
289274,0.16
289312,0.09
289321,0.12
289325,0.14
289333,0.14
289340,0.1
289368,0.1
289375,0.16
289380,0.17
289381,0.04
289384,0.32
289403,0.08
289408,0.15
289416,0.14
289463,0.12
289488,0.12
289495,0.17
289498,0.14
289499,0.09
289515,0.07
289531,0.15
289541,0.17
289554,0.12
289565,0.17
289590,0.08
289596,0.11
289601,0.13
289602,0.1
289603,0.08
289608,0.11
289622,0.19
289623,0.11
289625,0.1
289634,0.15
289648,0.12
289650,0.08
289662,0.09
289667,0.22
289674,0.08
289682,0.06
289702,0.06
289706,0.06
289709,0.26
289716,0.29
289725,0.1
289732,0.09
289743,0.18
289762,0.17
289766,0.08
289770,0.2
289775,0.21
289777,0.16
289783,0.13
289797,0.12
289798,0.14
289802,0.16
289812,0.12
289814,0.11
289819,0.08
289828,0.2
289831,0.18
289835,0.16
289844,0.12
289850,0.08
289851,0.18
289865,0.16
289869,0.13
289891,0.15
289907,0.17
289919,0.11
289923,0.2
289924,0.13
289927,0.22
289929,0.21
289951,0.06
289959,0.11
289964,0.11
289965,0.14
289966,0.13
289971,0.22
289988,0.1
289989,0.04
289995,0.15
290005,0.1
290013,0.29
290031,0.38
290036,0.21
290038,0.2
290041,0.24
290056,0.18
290058,0.07
290065,0.14
290069,0.17
290070,0.11
290074,0.15
290076,0.12
290082,0.16
290105,0.08
290111,0.11
290114,0.12
290116,0.15
290117,0.12
290128,0.16
290130,0.12
290139,0.26
290151,0.1
290154,0.11
290158,0.13
290180,0.14
290183,0.05
290190,0.13
290191,0.22
290199,0.17
290200,0.13
290202,0.05
290205,0.25
290206,0.13
290219,0.17
290227,0.1
290232,0.17
290233,0.14
290242,0.11
290246,0.08
290247,0.18
290257,0.25
290259,0.34
290260,0.17
290270,0.09
290273,0.1
290276,0.24
290281,0.3
290296,0.16
290303,0.19
290306,0.07
290331,0.14
290340,0.11
290349,0.17
290355,0.09
290365,0.13
290379,0.17
290389,0.06
290408,0.15
290409,0.1
290433,0.09
290437,0.17
290440,0.09
290448,0.17
290466,0.18
290467,0.03
290479,0.05
290490,0.09
290492,0.14
290503,0.1
290508,0.18
290524,0.14
290526,0.15
290527,0.13
290541,0.17
290557,0.18
290564,0.07
290572,0.13
290576,0.13
290588,0.11
290589,0.09
290595,0.15
290598,0.12
290605,0.17
290609,0.05
290610,0.13
290612,0.1
290634,0.13
290635,0.16
290644,0.34
290672,0.22
290681,0.14
290693,0.14
290695,0.11
290702,0.15
290703,0.1
290711,0.24
290713,0.15
290727,0.18
290730,0.08
290734,0.21
290745,0.18
290746,0.09
290751,0.13
290758,0.11
290766,0.23
290784,0.13
290786,0.04
290813,0.26
290849,0.21
290852,0.03
290881,0.19
290884,0.09
290885,0.11
290889,0.05
290911,0.11
290913,0.21
290923,0.11
290926,0.06
290936,0.18
290941,0.21
290945,0.1
290955,0.1
290961,0.15
290964,0.18
290967,0.13
290970,0.12
290974,0.08
290976,0.08
290978,0.09
290981,0.08
290991,0.13
291005,0.09
291009,0.15
291011,0.11
291012,0.22
291018,0.26
291023,0.1
291028,0.23
291034,0.2
291038,0.3
291039,0.16
291041,0.21
291045,0.12
291048,0.28
291052,0.19
291055,0.07
291082,0.17
291085,0.15
291086,0.13
291094,0.12
291103,0.12
291108,0.08
291110,0.16
291113,0.04
291117,0.08
291124,0.14
291129,0.08
291142,0.21
291155,0.27
291157,0.14
291177,0.11
291178,0.11
291180,0.1
291188,0.32
291198,0.22
291200,0.15
291202,0.14
291207,0.04
291218,0.12
291231,0.14
291232,0.12
291240,0.06
291241,0.2
291245,0.08
291256,0.1
291273,0.09
291274,0.19
291277,0.18
291290,0.28
291303,0.12
291310,0.21
291311,0.13
291319,0.29
291324,0.25
291331,0.13
291334,0.07
291348,0.24
291349,0.35
291359,0.1
291365,0.05
291379,0.17
291396,0.06
291411,0.11
291424,0.07
291425,0.08
291428,0.09
291446,0.09
291449,0.1
291461,0.19
291465,0.13
291480,0.27
291486,0.15
291487,0.05
291491,0.14
291499,0.03
291505,0.15
291512,0.09
291513,0.12
291521,0.13
291523,0.1
291543,0.21
291545,0.09
291546,0.15
291550,0.08
291552,0.11
291561,0.05
291579,0.18
291584,0.22
291586,0.07
291590,0.16
291592,0.43
291593,0.1
291599,0.09
291615,0.06
291617,0.14
291628,0.15
291654,0.24
291658,0.36
291659,0.08
291661,0.19
291671,0.04
291677,0.07
291689,0.14
291693,0.11
291695,0.11
291696,0.2
291697,0.09
291702,0.11
291711,0.13
291713,0.18
291715,0.12
291718,0.11
291733,0.13
291742,0.2
291748,0.08
291765,0.06
291771,0.1
291773,0.12
291788,0.07
291789,0.14
291796,0.07
291800,0.11
291817,0.05
291822,0.15
291840,0.13
291843,0.06
291855,0.17
291858,0.11
291870,0.18
291872,0.17
291874,0.1
291883,0.1
291888,0.09
291894,0.07
291901,0.1
291928,0.19
291930,0.08
291949,0.06
291951,0.13
291953,0.15
291955,0.13
291963,0.27
291969,0.13
291980,0.07
292010,0.09
292022,0.09
292023,0.08
292031,0.13
292034,0.05
292043,0.09
292049,0.18
292055,0.05
292062,0.15
292070,0.15
292072,0.18
292073,0.09
292082,0.15
292096,0.14
292098,0.1
292116,0.09
292118,0.08
292126,0.21
292128,0.03
292137,0.24
292138,0.09
292142,0.2
292149,0.27
292181,0.22
292189,0.09
292191,0.09
292205,0.18
292219,0.17
292227,0.02
292231,0.12
292238,0.11
292246,0.12
292248,0.15
292259,0.1
292261,0.12
292266,0.14
292267,0.03
292272,0.1
292278,0.29
292281,0.1
292286,0.19
292288,0.23
292289,0.06
292304,0.11
292307,0.15
292319,0.1
292320,0.1
292325,0.15
292326,0.13
292331,0.09
292332,0.06
292333,0.07
292334,0.18
292337,0.08
292338,0.19
292342,0.06
292347,0.13
292350,0.14
292355,0.06
292360,0.07
292362,0.11
292363,0.26
292364,0.11
292383,0.24
292397,0.21
292409,0.14
292417,0.12
292426,0.07
292428,0.11
292439,0.29
292443,0.18
292448,0.13
292451,0.1
292452,0.06
292456,0.05
292460,0.07
292463,0.17
292464,0.15
292476,0.16
292480,0.14
292483,0.1
292493,0.14
292501,0.21
292506,0.08
292508,0.07
292513,0.16
292525,0.14
292533,0.1
292540,0.24
292541,0.06
292544,0.15
292549,0.11
292550,0.16
292557,0.2
292558,0.07
292562,0.08
292564,0.04
292583,0.21
292612,0.17
292618,0.06
292623,0.16
292631,0.11
292633,0.18
292641,0.12
292643,0.12
292649,0.14
292650,0.09
292651,0.18
292655,0.15
292659,0.03
292677,0.08
292693,0.13
292697,0.11
292700,0.24
292702,0.16
292710,0.08
292727,0.19
292731,0.26
292732,0.09
292734,0.1
292735,0.06
292737,0.11
292739,0.18
292741,0.12
292767,0.1
292778,0.17
292807,0.27
292813,0.13
292834,0.33
292837,0.11
292839,0.12
292844,0.09
292869,0.09
292874,0.14
292892,0.15
292894,0.11
292916,0.23
292921,0.18
292925,0.09
292929,0.12
292933,0.14
292935,0.19
292938,0.1
292945,0.16
292946,0.18
292953,0.12
292966,0.18
292968,0.05
292983,0.07
292988,0.12
292992,0.08
292997,0.13
293002,0.08
293013,0.05
293030,0.24
293043,0.24
293070,0.32
293093,0.07
293103,0.19
293104,0.1
293117,0.37
293123,0.1
293126,0.22
293128,0.08
293136,0.07
293142,0.11
293146,0.25
293149,0.21
293159,0.16
293169,0.16
293172,0.19
293175,0.1
293176,0.09
293192,0.09
293213,0.09
293218,0.11
293219,0.14
293224,0.11
293225,0.17
293234,0.23
293243,0.27
293249,0.1
293256,0.15
293276,0.23
293283,0.22
293295,0.16
293308,0.19
293309,0.18
293316,0.1
293326,0.23
293330,0.14
293351,0.22
293361,0.09
293366,0.25
293376,0.18
293377,0.21
293382,0.15
293383,0.26
293385,0.16
293402,0.15
293403,0.15
293405,0.15
293412,0.14
293430,0.13
293435,0.09
293438,0.08
293445,0.08
293447,0.24
293451,0.1
293463,0.1
293471,0.1
293482,0.12
293485,0.16
293493,0.3
293496,0.17
293505,0.1
293507,0.15
293508,0.1
293518,0.13
293524,0.09
293527,0.1
293537,0.11
293542,0.14
293556,0.08
293560,0.13
293563,0.32
293565,0.07
293597,0.13
293603,0.15
293607,0.11
293621,0.17
293622,0.15
293623,0.24
293636,0.2
293643,0.06
293659,0.28
293678,0.09
293679,0.12
293681,0.16
293684,0.14
293692,0.16
293696,0.16
293733,0.04
293734,0.08
293745,0.07
293751,0.09
293770,0.12
293778,0.18
293789,0.05
293809,0.08
293815,0.15
293816,0.22
293819,0.08
293822,0.08
293846,0.24
293849,0.09
293850,0.12
293851,0.22
293860,0.07
293863,0.16
293881,0.17
293900,0.15
293907,0.09
293915,0.16
293931,0.1
293935,0.1
293942,0.07
293944,0.28
293967,0.19
293968,0.12
293971,0.05
293972,0.23
293974,0.09
293976,0.17
293985,0.14
293996,0.31
294004,0.11
294007,0.35
294010,0.14
294013,0.3
294016,0.19
294018,0.14
294028,0.24
294041,0.1
294047,0.08
294055,0.07
294062,0.1
294069,0.12
294075,0.23
294091,0.07
294108,0.13
294116,0.17
294125,0.18
294129,0.2
294130,0.09
294134,0.07
294135,0.14
294136,0.16
294141,0.18
294160,0.05
294164,0.21
294184,0.17
294191,0.08
294195,0.09
294199,0.11
294208,0.24
294221,0.07
294225,0.19
294230,0.17
294236,0.2
294256,0.05
294257,0.12
294258,0.13
294282,0.14
294287,0.09
294290,0.21
294300,0.09
294302,0.06
294313,0.06
294314,0.15
294322,0.1
294336,0.13
294339,0.25
294348,0.12
294365,0.22
294373,0.18
294383,0.09
294403,0.1
294406,0.13
294417,0.27
294452,0.28
294463,0.24
294471,0.21
294486,0.07
294501,0.13
294504,0.19
294509,0.14
294511,0.13
294519,0.07
294530,0.1
294532,0.2
294547,0.21
294548,0.04
294554,0.09
294577,0.2
294578,0.11
294580,0.08
294583,0.09
294592,0.06
294595,0.15
294602,0.11
294613,0.16
294617,0.08
294631,0.2
294641,0.1
294653,0.16
294657,0.12
294661,0.17
294665,0.07
294668,0.08
294671,0.11
294682,0.14
294685,0.05
294688,0.15
294690,0.47
294698,0.08
294717,0.18
294724,0.1
294726,0.09
294738,0.22
294744,0.11
294758,0.18
294762,0.08
294776,0.15
294777,0.13
294807,0.22
294816,0.15
294821,0.03
294825,0.15
294834,0.12
294835,0.14
294836,0.19
294840,0.21
294842,0.27
294864,0.15
294874,0.15
294880,0.11
294881,0.09
294897,0.14
294898,0.09
294920,0.19
294923,0.17
294926,0.13
294937,0.21
294941,0.16
294951,0.27
294952,0.1
294953,0.05
294982,0.16
294989,0.05
294995,0.17
295009,0.22
295010,0.19
295013,0.16
295016,0.09
295022,0.1
295024,0.1
295040,0.26
295045,0.16
295047,0.19
295056,0.08
295073,0.23
295080,0.13
295093,0.14
295094,0.2
295095,0.09
295107,0.08
295116,0.1
295140,0.09
295150,0.28
295154,0.19
295155,0.25
295162,0.15
295163,0.08
295168,0.26
295176,0.1
295182,0.1
295183,0.14
295216,0.12
295219,0.06
295239,0.11
295246,0.11
295255,0.08
295257,0.1
295261,0.13
295263,0.15
295265,0.09
295274,0.19
295281,0.18
295286,0.08
295299,0.15
295304,0.06
295306,0.09
295321,0.11
295339,0.13
295342,0.15
295346,0.14
295348,0.12
295354,0.07
295367,0.12
295372,0.12
295373,0.2
295374,0.14
295387,0.1
295389,0.14
295396,0.24
295415,0.11
295418,0.14
295421,0.19
295425,0.07
295431,0.11
295434,0.1
295443,0.11
295453,0.08
295473,0.07
295476,0.09
295477,0.17
295488,0.15
295499,0.19
295504,0.15
295505,0.14
295524,0.15
295529,0.08
295533,0.18
295534,0.12
295549,0.12
295565,0.1
295584,0.15
295585,0.24
295597,0.14
295599,0.29
295604,0.05
295616,0.29
295635,0.14
295637,0.1
295670,0.09
295678,0.05
295701,0.08
295711,0.09
295713,0.18
295734,0.12
295739,0.08
295750,0.09
295773,0.31
295783,0.14
295787,0.15
295790,0.1
295795,0.11
295820,0.05
295821,0.04
295826,0.12
295836,0.0
295837,0.22
295842,0.14
295848,0.12
295850,0.16
295869,0.12
295871,0.11
295873,0.2
295879,0.15
295880,0.2
295892,0.14
295904,0.21
295907,0.11
295908,0.2
295913,0.21
295918,0.15
295921,0.23
295924,0.22
295949,0.05
295953,0.08
295961,0.06
295968,0.11
295971,0.15
295985,0.12
295986,0.14
295987,0.13
295993,0.14
295997,0.28
296005,0.29
296007,0.15
296012,0.18
296022,0.1
296024,0.06
296032,0.09
296034,0.12
296062,0.07
296070,0.04
296074,0.07
296084,0.03
296087,0.1
296088,0.11
296089,0.11
296143,0.06
296172,0.1
296183,0.1
296185,0.16
296194,0.05
296199,0.3
296204,0.17
296206,0.19
296209,0.12
296229,0.17
296239,0.1
296253,0.09
296259,0.29
296264,0.08
296270,0.16
296273,0.2
296284,0.1
296285,0.12
296287,0.09
296288,0.16
296292,0.15
296300,0.22
296301,0.1
296321,0.26
296324,0.24
296335,0.3
296348,0.02
296354,0.09
296369,0.27
296376,0.15
296391,0.06
296393,0.09
296398,0.19
296428,0.12
296432,0.17
296433,0.13
296449,0.1
296450,0.1
296490,0.14
296498,0.15
296499,0.04
296500,0.09
296509,0.17
296514,0.12
296518,0.14
296527,0.07
296532,0.1
296541,0.09
296544,0.13
296546,0.19
296573,0.21
296578,0.15
296589,0.13
296594,0.16
296616,0.11
296623,0.14
296624,0.14
296632,0.12
296633,0.15
296639,0.2
296647,0.18
296656,0.22
296678,0.1
296679,0.18
296695,0.1
296696,0.1
296714,0.1
296721,0.13
296739,0.06
296744,0.44
296747,0.18
296758,0.19
296760,0.07
296766,0.09
296769,0.07
296776,0.08
296780,0.12
296782,0.24
296790,0.11
296795,0.23
296801,0.1
296803,0.14
296806,0.2
296811,0.1
296813,0.1
296818,0.26
296822,0.12
296839,0.17
296848,0.15
296863,0.1
296871,0.13
296872,0.16
296877,0.11
296882,0.23
296885,0.06
296903,0.19
296906,0.14
296912,0.1
296916,0.11
296922,0.09
296926,0.18
296927,0.11
296935,0.04
296939,0.12
296942,0.1
296954,0.16
296968,0.11
296971,0.16
296984,0.18
297004,0.12
297011,0.14
297017,0.09
297019,0.26
297021,0.12
297025,0.13
297033,0.18
297038,0.28
297042,0.47
297065,0.1
297089,0.21
297093,0.16
297098,0.15
297100,0.03
297111,0.05
297115,0.17
297121,0.22
297123,0.22
297129,0.05
297132,0.14
297139,0.12
297147,0.24
297148,0.32
297161,0.28
297167,0.08
297171,0.15
297173,0.05
297179,0.05
297189,0.2
297200,0.12
297201,0.26
297220,0.24
297229,0.13
297234,0.13
297252,0.13
297266,0.3
297269,0.14
297276,0.21
297292,0.13
297300,0.22
297303,0.12
297305,0.25
297307,0.12
297313,0.13
297336,0.09
297340,0.25
297344,0.08
297349,0.14
297358,0.12
297363,0.16
297369,0.15
297372,0.08
297380,0.18
297384,0.2
297385,0.19
297389,0.06
297390,0.2
297415,0.07
297419,0.2
297421,0.21
297424,0.14
297431,0.13
297447,0.1
297456,0.17
297457,0.02
297463,0.13
297464,0.11
297474,0.09
297479,0.11
297480,0.22
297494,0.1
297495,0.12
297507,0.05
297514,0.13
297515,0.07
297516,0.15
297521,0.13
297534,0.12
297553,0.05
297575,0.16
297584,0.22
297586,0.1
297606,0.09
297630,0.09
297636,0.1
297646,0.16
297650,0.06
297651,0.16
297656,0.04
297675,0.13
297681,0.07
297699,0.05
297702,0.08
297712,0.13
297718,0.13
297730,0.11
297731,0.12
297745,0.07
297768,0.19
297771,0.22
297774,0.15
297781,0.15
297786,0.15
297798,0.19
297809,0.1
297822,0.12
297828,0.12
297840,0.05
297852,0.13
297859,0.04
297868,0.12
297883,0.14
297887,0.14
297896,0.05
297898,0.14
297917,0.2
297943,0.06
297954,0.21
297965,0.14
297992,0.08
297993,0.09
298001,0.15
298005,0.28
298010,0.05
298013,0.13
298014,0.15
298015,0.13
298025,0.26
298026,0.09
298032,0.08
298039,0.29
298049,0.26
298051,0.06
298058,0.13
298062,0.1
298070,0.08
298078,0.15
298084,0.3
298108,0.1
298113,0.09
298115,0.1
298126,0.08
298131,0.11
298134,0.12
298135,0.2
298139,0.05
298142,0.1
298152,0.09
298154,0.17
298155,0.17
298161,0.31
298165,0.18
298166,0.29
298171,0.07
298179,0.13
298182,0.07
298187,0.09
298192,0.12
298194,0.08
298213,0.14
298215,0.15
298216,0.05
298217,0.11
298223,0.11
298256,0.14
298275,0.07
298277,0.13
298279,0.07
298285,0.17
298286,0.26
298296,0.06
298309,0.23
298312,0.11
298323,0.13
298330,0.13
298340,0.11
298341,0.07
298349,0.09
298353,0.1
298363,0.17
298367,0.08
298378,0.22
298380,0.12
298392,0.2
298395,0.14
298405,0.18
298426,0.19
298427,0.15
298444,0.1
298450,0.08
298458,0.08
298462,0.07
298463,0.03
298479,0.14
298480,0.1
298487,0.2
298499,0.14
298500,0.13
298506,0.1
298507,0.13
298512,0.15
298515,0.16
298517,0.09
298532,0.24
298533,0.09
298560,0.11
298564,0.07
298567,0.27
298568,0.1
298569,0.11
298570,0.23
298579,0.05
298583,0.05
298591,0.1
298593,0.11
298600,0.16
298609,0.04
298620,0.11
298622,0.15
298628,0.13
298633,0.15
298657,0.09
298669,0.12
298671,0.27
298677,0.12
298692,0.18
298703,0.14
298705,0.06
298711,0.11
298713,0.21
298757,0.13
298766,0.07
298768,0.23
298770,0.08
298776,0.18
298785,0.12
298787,0.05
298792,0.09
298795,0.09
298799,0.08
298806,0.21
298810,0.24
298818,0.13
298822,0.11
298823,0.06
298834,0.04
298837,0.18
298841,0.07
298845,0.1
298852,0.12
298855,0.07
298858,0.13
298860,0.09
298861,0.07
298863,0.06
298866,0.14
298873,0.17
298880,0.2
298889,0.04
298896,0.31
298917,0.19
298929,0.14
298940,0.18
298946,0.2
298949,0.09
298966,0.14
298984,0.18
298994,0.09
299004,0.29
299012,0.13
299022,0.27
299024,0.11
299026,0.09
299035,0.05
299036,0.14
299039,0.12
299061,0.15
299064,0.09
299067,0.23
299074,0.18
299075,0.08
299078,0.16
299109,0.16
299117,0.14
299121,0.07
299127,0.11
299134,0.15
299136,0.14
299137,0.23
299139,0.18
299168,0.15
299176,0.04
299184,0.22
299188,0.17
299191,0.22
299208,0.12
299229,0.02
299238,0.18
299241,0.1
299257,0.16
299260,0.25
299264,0.13
299279,0.18
299308,0.1
299310,0.09
299311,0.1
299317,0.27
299325,0.15
299329,0.07
299334,0.17
299335,0.13
299339,0.11
299351,0.13
299352,0.07
299365,0.22
299393,0.14
299400,0.1
299404,0.06
299406,0.22
299410,0.2
299413,0.15
299434,0.3
299448,0.08
299463,0.17
299464,0.28
299470,0.1
299480,0.11
299488,0.12
299496,0.08
299501,0.36
299504,0.18
299532,0.11
299536,0.11
299550,0.11
299554,0.16
299564,0.1
299577,0.13
299581,0.09
299594,0.24
299632,0.09
299633,0.12
299650,0.24
299678,0.11
299682,0.14
299705,0.15
299719,0.12
299720,0.2
299724,0.18
299730,0.09
299750,0.08
299766,0.14
299774,0.27
299787,0.06
299817,0.1
299818,0.17
299826,0.13
299833,0.11
299845,0.14
299847,0.38
299850,0.34
299866,0.13
299869,0.09
299870,0.2
299874,0.02
299877,0.15
299891,0.22
299898,0.19
299900,0.14
299904,0.1
299912,0.09
299914,0.08
299919,0.03
299931,0.08
299934,0.15
299941,0.28
299946,0.05
299947,0.14
299972,0.2
299973,0.28
299975,0.1
299979,0.11
299981,0.15
299983,0.17
299985,0.1
299986,0.15
300011,0.26
300013,0.09
300028,0.09
300042,0.12
300043,0.13
300058,0.14
300073,0.09
300075,0.17
300087,0.07
300090,0.15
300107,0.12
300115,0.19
300119,0.07
300122,0.3
300125,0.14
300126,0.16
300137,0.43
300139,0.1
300145,0.14
300155,0.12
300169,0.05
300170,0.12
300175,0.1
300177,0.16
300186,0.11
300188,0.09
300194,0.13
300207,0.17
300210,0.27
300217,0.16
300221,0.03
300235,0.08
300238,0.08
300240,0.09
300241,0.09
300249,0.07
300255,0.2
300259,0.16
300272,0.08
300274,0.15
300276,0.18
300284,0.09
300293,0.09
300306,0.08
300310,0.13
300324,0.21
300339,0.1
300346,0.16
300348,0.11
300354,0.11
300356,0.11
300358,0.08
300363,0.08
300366,0.17
300368,0.14
300370,0.12
300385,0.24
300392,0.26
300393,0.12
300403,0.11
300411,0.11
300420,0.08
300421,0.09
300435,0.15
300437,0.13
300440,0.17
300443,0.1
300456,0.2
300458,0.11
300459,0.2
300460,0.05
300462,0.22
300481,0.14
300486,0.24
300488,0.17
300503,0.23
300506,0.11
300517,0.1
300523,0.06
300525,0.12
300526,0.2
300552,0.15
300560,0.06
300570,0.18
300583,0.13
300585,0.16
300587,0.1
300598,0.11
300600,0.17
300608,0.29
300612,0.08
300618,0.12
300621,0.15
300640,0.1
300641,0.18
300651,0.06
300653,0.09
300667,0.1
300678,0.16
300680,0.1
300687,0.1
300702,0.23
300717,0.17
300722,0.07
300723,0.15
300732,0.13
300752,0.14
300761,0.1
300775,0.17
300786,0.22
300787,0.11
300788,0.18
300789,0.19
300794,0.15
300808,0.14
300834,0.05
300842,0.22
300844,0.24
300850,0.15
300851,0.21
300854,0.17
300866,0.11
300867,0.16
300868,0.08
300882,0.09
300883,0.12
300891,0.07
300894,0.1
300901,0.2
300904,0.1
300910,0.19
300914,0.24
300918,0.17
300948,0.23
300954,0.15
300958,0.09
300959,0.07
300970,0.06
300971,0.1
300975,0.13
300981,0.09
300983,0.09
300993,0.28
300996,0.07
301001,0.12
301005,0.08
301010,0.19
301021,0.34
301026,0.08
301029,0.12
301032,0.09
301061,0.28
301073,0.06
301083,0.07
301089,0.11
301093,0.22
301098,0.13
301103,0.18
301105,0.17
301112,0.21
301120,0.06
301122,0.12
301124,0.23
301137,0.24
301169,0.21
301173,0.12
301177,0.13
301179,0.11
301180,0.3
301185,0.05
301195,0.19
301199,0.11
301201,0.2
301206,0.16
301209,0.15
301210,0.11
301216,0.25
301224,0.24
301226,0.06
301227,0.15
301243,0.13
301246,0.09
301248,0.11
301252,0.07
301259,0.12
301260,0.08
301267,0.05
301268,0.18
301274,0.11
301281,0.13
301287,0.11
301288,0.14
301299,0.09
301304,0.09
301325,0.16
301327,0.11
301331,0.12
301332,0.13
301336,0.13
301345,0.16
301348,0.11
301356,0.04
301358,0.11
301360,0.05
301364,0.14
301389,0.11
301415,0.09
301421,0.24
301422,0.21
301424,0.12
301426,0.11
301433,0.13
301459,0.17
301460,0.23
301478,0.16
301483,0.18
301493,0.05
301494,0.06
301503,0.07
301510,0.07
301516,0.08
301530,0.06
301531,0.08
301549,0.06
301550,0.19
301555,0.11
301573,0.12
301588,0.11
301593,0.23
301613,0.2
301625,0.23
301643,0.13
301650,0.08
301651,0.17
301652,0.11
301653,0.18
301665,0.06
301684,0.08
301686,0.18
301694,0.25
301697,0.1
301698,0.14
301717,0.13
301725,0.06
301728,0.06
301734,0.1
301749,0.09
301761,0.33
301766,0.09
301775,0.22
301782,0.17
301784,0.14
301787,0.12
301789,0.18
301790,0.16
301804,0.23
301806,0.09
301817,0.15
301826,0.13
301837,0.11
301842,0.11
301848,0.09
301859,0.18
301860,0.09
301867,0.15
301877,0.06
301883,0.12
301902,0.08
301908,0.07
301916,0.09
301920,0.19
301921,0.08
301931,0.07
301939,0.11
301941,0.14
301943,0.1
301949,0.09
301955,0.08
301963,0.08
301968,0.09
301975,0.14
301988,0.06
302000,0.12
302005,0.09
302007,0.11
302016,0.15
302028,0.17
302038,0.14
302043,0.07
302051,0.09
302056,0.09
302063,0.14
302072,0.08
302074,0.19
302080,0.03
302093,0.12
302096,0.17
302123,0.11
302125,0.14
302128,0.07
302145,0.13
302146,0.11
302160,0.16
302166,0.15
302174,0.11
302175,0.1
302186,0.29
302190,0.16
302202,0.15
302207,0.26
302211,0.13
302215,0.08
302216,0.03
302217,0.16
302225,0.35
302231,0.11
302233,0.17
302259,0.12
302263,0.18
302281,0.13
302285,0.14
302288,0.14
302292,0.3
302303,0.13
302306,0.15
302309,0.17
302332,0.06
302341,0.07
302350,0.2
302352,0.16
302356,0.15
302361,0.16
302364,0.23
302373,0.11
302378,0.17
302385,0.11
302389,0.1
302393,0.25
302403,0.03
302422,0.07
302425,0.12
302431,0.26
302443,0.12
302448,0.06
302449,0.12
302455,0.18
302460,0.11
302462,0.16
302466,0.06
302467,0.14
302470,0.15
302472,0.12
302480,0.11
302481,0.13
302491,0.21
302494,0.1
302503,0.16
302504,0.23
302507,0.2
302527,0.21
302571,0.16
302580,0.31
302583,0.06
302591,0.14
302601,0.06
302613,0.09
302621,0.09
302638,0.08
302639,0.18
302655,0.17
302670,0.21
302673,0.38
302675,0.12
302691,0.08
302701,0.09
302705,0.05
302727,0.12
302750,0.17
302751,0.15
302757,0.18
302758,0.19
302761,0.19
302767,0.13
302787,0.09
302797,0.07
302799,0.27
302800,0.11
302815,0.1
302826,0.34
302827,0.09
302842,0.07
302856,0.09
302877,0.13
302879,0.1
302881,0.08
302882,0.11
302885,0.21
302905,0.07
302911,0.02
302916,0.25
302919,0.18
302947,0.1
302957,0.17
302968,0.12
302978,0.07
302984,0.17
302991,0.12
303007,0.17
303010,0.12
303012,0.24
303013,0.16
303024,0.19
303027,0.05
303034,0.1
303036,0.18
303037,0.1
303050,0.11
303060,0.13
303062,0.16
303066,0.12
303068,0.18
303077,0.21
303080,0.13
303082,0.14
303083,0.12
303085,0.09
303087,0.14
303089,0.14
303103,0.04
303105,0.07
303106,0.26
303120,0.15
303121,0.05
303127,0.06
303130,0.02
303142,0.04
303162,0.16
303169,0.08
303189,0.13
303220,0.08
303222,0.24
303223,0.12
303227,0.1
303262,0.12
303264,0.09
303277,0.07
303288,0.15
303292,0.13
303294,0.07
303301,0.38
303312,0.23
303328,0.03
303330,0.07
303347,0.07
303354,0.12
303356,0.03
303362,0.14
303377,0.08
303386,0.12
303393,0.12
303397,0.14
303403,0.16
303413,0.1
303416,0.16
303428,0.11
303429,0.2
303432,0.1
303446,0.18
303455,0.15
303464,0.11
303465,0.09
303473,0.16
303476,0.15
303479,0.15
303482,0.1
303484,0.05
303492,0.21
303493,0.12
303497,0.1
303498,0.07
303499,0.07
303509,0.08
303513,0.11
303524,0.09
303525,0.32
303540,0.14
303544,0.07
303548,0.17
303551,0.1
303569,0.17
303584,0.1
303592,0.2
303602,0.15
303607,0.17
303619,0.11
303630,0.12
303643,0.18
303644,0.16
303670,0.12
303671,0.08
303678,0.08
303689,0.09
303698,0.24
303702,0.14
303704,0.11
303711,0.13
303727,0.16
303728,0.12
303741,0.3
303752,0.11
303755,0.06
303777,0.06
303790,0.2
303798,0.14
303804,0.2
303812,0.12
303814,0.18
303817,0.18
303818,0.25
303848,0.1
303850,0.12
303854,0.12
303857,0.1
303860,0.07
303870,0.12
303877,0.11
303884,0.17
303893,0.05
303899,0.07
303900,0.25
303902,0.15
303906,0.13
303920,0.12
303937,0.07
303939,0.08
303941,0.08
303962,0.09
303963,0.1
303971,0.07
303978,0.15
303980,0.1
303986,0.22
304018,0.13
304025,0.08
304027,0.18
304028,0.21
304029,0.08
304030,0.13
304035,0.2
304040,0.17
304058,0.16
304083,0.12
304089,0.18
304092,0.15
304093,0.13
304100,0.09
304121,0.09
304142,0.11
304154,0.17
304158,0.16
304164,0.05
304173,0.24
304175,0.11
304182,0.1
304194,0.09
304201,0.14
304202,0.17
304206,0.1
304210,0.13
304226,0.12
304237,0.12
304256,0.18
304257,0.15
304265,0.11
304271,0.17
304274,0.12
304286,0.18
304292,0.07
304299,0.13
304350,0.13
304352,0.05
304355,0.11
304360,0.15
304361,0.17
304363,0.24
304375,0.13
304378,0.08
304382,0.16
304385,0.21
304386,0.1
304387,0.21
304388,0.11
304391,0.29
304398,0.09
304406,0.05
304420,0.17
304431,0.19
304436,0.2
304438,0.08
304440,0.1
304441,0.08
304450,0.09
304451,0.22
304454,0.1
304462,0.21
304466,0.19
304469,0.24
304472,0.05
304475,0.2
304481,0.15
304483,0.22
304485,0.13
304486,0.13
304504,0.16
304505,0.12
304512,0.08
304516,0.15
304517,0.1
304528,0.03
304530,0.09
304536,0.12
304549,0.12
304552,0.23
304554,0.16
304581,0.12
304593,0.09
304596,0.26
304604,0.08
304610,0.25
304614,0.09
304628,0.24
304629,0.05
304637,0.14
304644,0.08
304654,0.16
304664,0.31
304676,0.07
304680,0.11
304687,0.07
304696,0.13
304698,0.19
304700,0.11
304703,0.15
304704,0.17
304710,0.17
304717,0.1
304729,0.32
304732,0.12
304736,0.12
304738,0.06
304756,0.1
304771,0.07
304773,0.12
304776,0.11
304778,0.13
304779,0.23
304780,0.03
304790,0.28
304793,0.06
304805,0.21
304811,0.04
304825,0.12
304828,0.13
304829,0.16
304842,0.11
304851,0.12
304857,0.11
304884,0.2
304891,0.11
304897,0.21
304898,0.14
304905,0.16
304907,0.13
304917,0.08
304931,0.12
304935,0.08
304942,0.15
304954,0.17
304959,0.06
304968,0.14
304971,0.14
304977,0.18
304982,0.07
304985,0.09
304991,0.1
304992,0.06
304997,0.18
305004,0.16
305008,0.14
305019,0.09
305020,0.13
305025,0.15
305037,0.1
305046,0.2
305056,0.07
305062,0.11
305064,0.26
305065,0.09
305076,0.13
305108,0.1
305110,0.13
305115,0.24
305121,0.16
305125,0.11
305141,0.08
305151,0.13
305159,0.09
305162,0.07
305165,0.11
305174,0.11
305178,0.1
305180,0.14
305182,0.06
305183,0.1
305194,0.1
305199,0.16
305210,0.16
305214,0.23
305215,0.15
305218,0.13
305225,0.05
305229,0.04
305231,0.08
305233,0.12
305237,0.07
305260,0.19
305261,0.17
305278,0.12
305286,0.17
305293,0.09
305300,0.06
305301,0.12
305326,0.19
305334,0.13
305340,0.18
305348,0.1
305352,0.13
305359,0.14
305360,0.06
305362,0.16
305383,0.08
305406,0.15
305408,0.13
305412,0.17
305413,0.16
305414,0.25
305417,0.07
305421,0.06
305422,0.12
305447,0.13
305448,0.18
305450,0.11
305452,0.1
305459,0.12
305460,0.09
305474,0.11
305475,0.1
305481,0.18
305494,0.13
305503,0.13
305507,0.11
305508,0.15
305513,0.15
305518,0.08
305523,0.15
305526,0.16
305529,0.18
305532,0.19
305543,0.18
305555,0.07
305562,0.06
305571,0.07
305578,0.28
305579,0.12
305584,0.15
305603,0.21
305620,0.21
305626,0.1
305636,0.19
305640,0.06
305653,0.09
305662,0.09
305663,0.11
305667,0.12
305683,0.18
305698,0.06
305699,0.2
305707,0.11
305717,0.25
305723,0.08
305735,0.12
305738,0.24
305746,0.07
305766,0.06
305773,0.06
305776,0.1
305777,0.09
305809,0.06
305813,0.17
305816,0.09
305820,0.2
305826,0.15
305838,0.16
305839,0.1
305846,0.12
305861,0.18
305863,0.17
305869,0.13
305872,0.06
305876,0.05
305881,0.19
305887,0.06
305894,0.06
305898,0.05
305905,0.1
305908,0.08
305914,0.22
305915,0.05
305922,0.08
305938,0.18
305946,0.15
305956,0.27
305963,0.11
305965,0.12
305988,0.14
305990,0.06
305991,0.1
305994,0.06
305998,0.14
306003,0.09
306012,0.14
306016,0.08
306021,0.24
306025,0.13
306030,0.16
306047,0.15
306051,0.07
306063,0.17
306066,0.19
306069,0.15
306074,0.12
306091,0.1
306094,0.22
306095,0.1
306114,0.23
306116,0.09
306121,0.08
306127,0.2
306128,0.13
306133,0.11
306142,0.06
306144,0.11
306150,0.14
306153,0.08
306156,0.17
306159,0.25
306161,0.19
306173,0.1
306175,0.14
306193,0.18
306194,0.06
306198,0.24
306203,0.14
306209,0.24
306212,0.08
306216,0.23
306233,0.07
306247,0.18
306264,0.1
306267,0.07
306293,0.11
306302,0.26
306305,0.07
306311,0.14
306345,0.1
306357,0.06
306368,0.02
306372,0.32
306378,0.27
306389,0.15
306398,0.09
306414,0.15
306419,0.2
306437,0.15
306438,0.14
306441,0.16
306443,0.18
306450,0.17
306464,0.14
306468,0.12
306469,0.09
306484,0.14
306527,0.07
306538,0.1
306547,0.22
306554,0.16
306557,0.2
306560,0.13
306561,0.08
306565,0.12
306569,0.11
306576,0.07
306587,0.12
306604,0.13
306624,0.07
306625,0.21
306628,0.28
306647,0.11
306651,0.23
306658,0.1
306660,0.24
306664,0.13
306670,0.23
306699,0.16
306701,0.13
306712,0.11
306716,0.2
306727,0.14
306729,0.15
306735,0.07
306739,0.1
306756,0.19
306757,0.11
306767,0.17
306775,0.06
306795,0.15
306799,0.23
306800,0.09
306805,0.1
306812,0.09
306820,0.15
306840,0.24
306845,0.11
306848,0.07
306856,0.13
306862,0.13
306863,0.07
306868,0.23
306873,0.17
306876,0.11
306893,0.16
306896,0.22
306899,0.13
306907,0.23
306908,0.13
306917,0.14
306927,0.14
306930,0.04
306935,0.22
306942,0.08
306951,0.04
306961,0.14
306970,0.26
306972,0.16
306973,0.08
306976,0.11
306978,0.18
306990,0.02
306992,0.22
306995,0.1
307001,0.37
307004,0.3
307005,0.11
307006,0.11
307010,0.16
307011,0.1
307014,0.04
307016,0.15
307022,0.12
307027,0.27
307052,0.12
307061,0.19
307072,0.35
307078,0.15
307111,0.06
307112,0.17
307134,0.21
307143,0.17
307147,0.14
307148,0.18
307162,0.13
307166,0.1
307168,0.11
307174,0.07
307177,0.09
307197,0.1
307198,0.22
307199,0.14
307205,0.11
307207,0.13
307210,0.1
307212,0.15
307223,0.11
307224,0.08
307236,0.23
307241,0.11
307242,0.18
307259,0.15
307271,0.11
307274,0.05
307281,0.16
307288,0.1
307294,0.12
307302,0.07
307308,0.14
307313,0.15
307344,0.21
307350,0.09
307366,0.15
307372,0.12
307373,0.13
307374,0.12
307378,0.23
307384,0.13
307398,0.22
307406,0.14
307416,0.05
307420,0.21
307424,0.1
307427,0.21
307429,0.14
307436,0.09
307456,0.13
307491,0.13
307494,0.13
307496,0.09
307500,0.13
307504,0.12
307509,0.17
307511,0.23
307520,0.09
307527,0.12
307537,0.19
307539,0.1
307558,0.25
307561,0.12
307575,0.17
307577,0.19
307588,0.17
307636,0.19
307639,0.17
307641,0.15
307646,0.13
307653,0.12
307661,0.16
307669,0.27
307674,0.13
307678,0.07
307691,0.1
307697,0.17
307699,0.1
307702,0.08
307708,0.13
307712,0.15
307716,0.1
307729,0.08
307753,0.14
307765,0.21
307781,0.17
307787,0.15
307788,0.09
307798,0.13
307799,0.18
307800,0.07
307801,0.11
307804,0.05
307816,0.13
307820,0.12
307824,0.15
307828,0.05
307832,0.24
307836,0.19
307842,0.2
307851,0.4
307856,0.07
307861,0.1
307879,0.05
307904,0.12
307911,0.11
307912,0.07
307913,0.27
307922,0.1
307924,0.14
307925,0.16
307929,0.1
307933,0.33
307945,0.06
307948,0.09
307961,0.32
307962,0.08
307963,0.12
307971,0.17
307983,0.16
307984,0.22
307988,0.08
307993,0.16
307994,0.15
308007,0.18
308008,0.14
308018,0.19
308023,0.08
308026,0.05
308028,0.1
308030,0.16
308034,0.17
308053,0.08
308065,0.22
308095,0.09
308096,0.1
308100,0.1
308114,0.09
308116,0.26
308120,0.11
308128,0.16
308132,0.15
308134,0.14
308140,0.14
308142,0.12
308164,0.17
308168,0.13
308169,0.32
308171,0.19
308176,0.05
308177,0.12
308179,0.09
308180,0.24
308184,0.03
308188,0.18
308189,0.06
308190,0.03
308200,0.13
308210,0.17
308211,0.25
308218,0.15
308220,0.11
308228,0.11
308231,0.15
308236,0.15
308247,0.19
308251,0.11
308260,0.09
308266,0.09
308267,0.1
308280,0.23
308298,0.1
308301,0.07
308309,0.15
308312,0.12
308325,0.12
308334,0.25
308339,0.18
308346,0.2
308359,0.11
308360,0.13
308380,0.07
308391,0.14
308403,0.12
308408,0.17
308410,0.24
308415,0.14
308420,0.09
308427,0.2
308442,0.07
308447,0.32
308462,0.1
308464,0.16
308465,0.12
308467,0.13
308468,0.11
308476,0.12
308488,0.16
308498,0.08
308504,0.23
308507,0.07
308509,0.12
308521,0.17
308536,0.18
308537,0.13
308543,0.06
308547,0.19
308559,0.19
308565,0.27
308569,0.14
308584,0.07
308591,0.26
308608,0.19
308610,0.1
308613,0.09
308618,0.28
308623,0.09
308632,0.09
308636,0.1
308641,0.03
308643,0.09
308664,0.19
308678,0.04
308679,0.2
308691,0.1
308692,0.15
308701,0.1
308709,0.18
308711,0.16
308719,0.11
308723,0.13
308727,0.23
308732,0.16
308738,0.12
308747,0.1
308749,0.06
308755,0.16
308756,0.2
308761,0.08
308779,0.18
308780,0.19
308784,0.12
308789,0.15
308807,0.09
308818,0.25
308819,0.13
308822,0.27
308827,0.12
308831,0.14
308833,0.08
308842,0.11
308868,0.07
308871,0.08
308881,0.15
308889,0.06
308892,0.1
308900,0.03
308903,0.15
308912,0.21
308916,0.07
308919,0.1
308920,0.14
308921,0.07
308928,0.17
308929,0.18
308934,0.19
308940,0.14
308941,0.09
308946,0.07
308956,0.13
308958,0.04
308963,0.09
308965,0.1
308971,0.13
308977,0.17
308985,0.18
308987,0.2
308995,0.14
309005,0.12
309007,0.15
309015,0.1
309016,0.1
309018,0.19
309019,0.09
309035,0.12
309042,0.28
309044,0.1
309052,0.07
309061,0.09
309064,0.12
309072,0.11
309075,0.08
309083,0.12
309099,0.22
309124,0.13
309125,0.15
309146,0.11
309159,0.11
309161,0.09
309168,0.25
309180,0.09
309185,0.11
309195,0.16
309198,0.15
309200,0.14
309202,0.29
309204,0.12
309213,0.18
309227,0.21
309234,0.06
309241,0.11
309242,0.15
309244,0.12
309246,0.09
309250,0.09
309251,0.17
309274,0.24
309276,0.17
309280,0.23
309298,0.26
309301,0.17
309302,0.19
309326,0.12
309335,0.21
309341,0.07
309343,0.17
309344,0.17
309354,0.08
309362,0.17
309399,0.15
309406,0.16
309409,0.14
309411,0.13
309418,0.21
309421,0.07
309435,0.2
309443,0.14
309455,0.15
309462,0.11
309473,0.08
309476,0.14
309478,0.12
309493,0.13
309502,0.08
309508,0.16
309526,0.22
309536,0.05
309544,0.18
309547,0.16
309555,0.1
309562,0.12
309569,0.13
309574,0.23
309577,0.07
309578,0.06
309579,0.13
309585,0.09
309588,0.13
309603,0.15
309604,0.18
309617,0.15
309620,0.04
309623,0.09
309648,0.23
309665,0.11
309682,0.03
309694,0.12
309702,0.08
309711,0.06
309713,0.19
309729,0.09
309735,0.08
309744,0.14
309749,0.16
309750,0.02
309759,0.08
309761,0.06
309770,0.25
309776,0.11
309777,0.11
309789,0.04
309790,0.1
309800,0.14
309813,0.14
309814,0.19
309815,0.24
309825,0.24
309826,0.06
309829,0.07
309831,0.08
309837,0.12
309846,0.14
309849,0.19
309855,0.13
309860,0.08
309879,0.15
309882,0.33
309887,0.17
309892,0.14
309895,0.16
309902,0.13
309915,0.18
309923,0.13
309941,0.16
309942,0.16
309945,0.11
309950,0.17
309955,0.2
309963,0.07
309964,0.08
309967,0.19
309969,0.1
309971,0.16
309978,0.15
309987,0.22
309990,0.21
309992,0.15
309993,0.13
310010,0.12
310012,0.18
310017,0.11
310018,0.11
310022,0.12
310031,0.09
310033,0.16
310034,0.22
310038,0.16
310044,0.16
310062,0.1
310071,0.08
310075,0.08
310082,0.11
310093,0.22
310101,0.05
310106,0.13
310118,0.19
310123,0.09
310126,0.12
310130,0.06
310141,0.13
310145,0.12
310148,0.17
310150,0.09
310159,0.16
310162,0.13
310163,0.17
310166,0.1
310167,0.04
310170,0.16
310181,0.03
310187,0.08
310191,0.07
310192,0.19
310197,0.15
310200,0.1
310201,0.18
310203,0.09
310204,0.13
310213,0.08
310215,0.07
310218,0.25
310236,0.11
310238,0.09
310241,0.15
310245,0.12
310252,0.12
310259,0.16
310260,0.31
310261,0.08
310262,0.06
310274,0.11
310294,0.23
310296,0.18
310298,0.12
310306,0.07
310307,0.11
310316,0.06
310329,0.11
310338,0.09
310342,0.17
310343,0.32
310360,0.13
310362,0.36
310378,0.05
310379,0.15
310383,0.05
310385,0.08
310387,0.18
310388,0.14
310400,0.07
310408,0.15
310414,0.17
310423,0.11
310424,0.09
310428,0.19
310432,0.23
310456,0.09
310463,0.22
310475,0.1
310476,0.15
310482,0.11
310485,0.13
310490,0.12
310496,0.09
310505,0.11
310519,0.11
310546,0.1
310547,0.18
310553,0.19
310555,0.1
310556,0.35
310568,0.1
310573,0.17
310574,0.09
310577,0.08
310580,0.13
310581,0.06
310583,0.05
310586,0.21
310591,0.1
310598,0.07
310606,0.19
310628,0.08
310634,0.14
310638,0.12
310646,0.09
310648,0.18
310654,0.08
310659,0.2
310663,0.05
310669,0.16
310670,0.14
310674,0.09
310691,0.21
310693,0.12
310702,0.07
310706,0.09
310709,0.13
310711,0.17
310720,0.19
310739,0.3
310742,0.22
310743,0.11
310752,0.07
310753,0.24
310757,0.22
310763,0.16
310764,0.05
310769,0.1
310771,0.26
310775,0.07
310779,0.16
310781,0.13
310784,0.17
310793,0.21
310794,0.07
310816,0.38
310823,0.17
310837,0.13
310856,0.18
310865,0.1
310866,0.13
310872,0.22
310877,0.22
310879,0.07
310883,0.18
310884,0.15
310908,0.06
310928,0.06
310935,0.13
310954,0.17
310964,0.3
310971,0.1
310972,0.2
310983,0.1
310988,0.11
310994,0.11
311003,0.11
311020,0.07
311024,0.11
311037,0.12
311064,0.1
311070,0.11
311086,0.16
311087,0.18
311108,0.02
311110,0.17
311115,0.16
311116,0.3
311117,0.08
311128,0.14
311136,0.2
311146,0.05
311155,0.1
311157,0.11
311159,0.11
311170,0.21
311184,0.06
311199,0.16
311208,0.23
311209,0.1
311220,0.28
311230,0.14
311233,0.1
311241,0.18
311261,0.13
311262,0.06
311268,0.1
311277,0.21
311296,0.19
311298,0.09
311310,0.25
311313,0.39
311316,0.13
311324,0.17
311327,0.09
311331,0.08
311335,0.09
311343,0.13
311346,0.16
311357,0.2
311358,0.06
311365,0.06
311370,0.11
311376,0.12
311380,0.15
311393,0.08
311399,0.12
311404,0.14
311409,0.12
311425,0.23
311436,0.14
311455,0.13
311459,0.15
311475,0.11
311499,0.13
311509,0.07
311518,0.1
311535,0.14
311536,0.1
311540,0.23
311542,0.23
311552,0.29
311562,0.29
311580,0.09
311583,0.1
311588,0.11
311595,0.1
311601,0.09
311605,0.09
311609,0.22
311612,0.2
311621,0.17
311623,0.06
311625,0.09
311636,0.09
311637,0.06
311646,0.08
311648,0.13
311654,0.12
311663,0.16
311676,0.14
311679,0.16
311683,0.18
311685,0.16
311691,0.13
311695,0.11
311700,0.07
311710,0.08
311714,0.1
311716,0.11
311725,0.12
311727,0.14
311728,0.06
311737,0.24
311738,0.17
311743,0.09
311746,0.13
311747,0.15
311761,0.33
311765,0.09
311773,0.11
311776,0.14
311786,0.21
311801,0.11
311820,0.15
311822,0.37
311829,0.05
311835,0.05
311846,0.05
311851,0.07
311854,0.09
311872,0.07
311875,0.15
311888,0.14
311916,0.11
311928,0.16
311931,0.2
311933,0.2
311934,0.05
311948,0.11
311949,0.25
311950,0.19
311952,0.15
311954,0.24
311962,0.12
311965,0.09
311968,0.24
311976,0.13
311977,0.09
311983,0.09
311989,0.05
311996,0.15
311999,0.1
312007,0.29
312022,0.17
312023,0.26
312034,0.16
312042,0.09
312049,0.06
312077,0.11
312088,0.19
312091,0.21
312114,0.1
312115,0.09
312117,0.31
312119,0.22
312126,0.45
312127,0.05
312134,0.12
312164,0.07
312176,0.14
312178,0.12
312184,0.08
312185,0.15
312186,0.11
312191,0.18
312197,0.06
312213,0.29
312223,0.22
312224,0.25
312225,0.1
312226,0.11
312231,0.09
312239,0.25
312251,0.17
312271,0.1
312278,0.08
312281,0.11
312289,0.08
312291,0.1
312301,0.17
312302,0.09
312316,0.23
312324,0.16
312338,0.11
312361,0.03
312363,0.23
312368,0.07
312382,0.08
312384,0.1
312390,0.07
312395,0.06
312396,0.15
312400,0.19
312406,0.19
312412,0.08
312414,0.13
312417,0.08
312425,0.16
312428,0.11
312431,0.15
312437,0.18
312442,0.1
312451,0.13
312460,0.16
312464,0.1
312466,0.06
312470,0.13
312473,0.14
312490,0.11
312493,0.21
312503,0.01
312509,0.17
312520,0.16
312528,0.14
312543,0.08
312544,0.13
312553,0.1
312558,0.03
312565,0.14
312568,0.15
312579,0.23
312581,0.13
312582,0.25
312596,0.13
312597,0.12
312598,0.1
312617,0.18
312627,0.14
312635,0.07
312637,0.09
312639,0.11
312640,0.28
312642,0.26
312651,0.1
312663,0.1
312668,0.08
312685,0.09
312691,0.14
312693,0.19
312710,0.11
312711,0.05
312712,0.08
312720,0.05
312746,0.33
312763,0.17
312770,0.2
312791,0.25
312795,0.15
312796,0.1
312797,0.09
312804,0.09
312812,0.04
312813,0.19
312825,0.14
312827,0.17
312841,0.13
312842,0.2
312845,0.09
312856,0.07
312866,0.05
312870,0.35
312879,0.17
312895,0.31
312901,0.13
312909,0.1
312910,0.12
312916,0.16
312926,0.11
312942,0.23
312946,0.23
312950,0.08
312952,0.19
312963,0.11
312968,0.26
312976,0.12
312980,0.12
312984,0.11
312987,0.21
312994,0.12
312996,0.12
312997,0.13
313019,0.12
313020,0.12
313028,0.09
313041,0.27
313045,0.05
313048,0.14
313052,0.14
313062,0.17
313063,0.2
313066,0.17
313071,0.14
313085,0.04
313099,0.19
313109,0.17
313131,0.07
313139,0.11
313141,0.1
313142,0.19
313145,0.18
313153,0.14
313157,0.07
313161,0.14
313165,0.06
313179,0.11
313208,0.21
313228,0.29
313236,0.12
313243,0.04
313245,0.2
313249,0.1
313275,0.07
313276,0.13
313280,0.12
313284,0.3
313285,0.15
313292,0.1
313297,0.12
313304,0.13
313322,0.11
313323,0.11
313325,0.08
313326,0.11
313334,0.13
313336,0.11
313337,0.17
313339,0.13
313340,0.06
313341,0.24
313343,0.22
313346,0.22
313348,0.33
313359,0.09
313365,0.1
313375,0.17
313381,0.14
313382,0.15
313389,0.11
313390,0.08
313391,0.26
313410,0.17
313416,0.09
313417,0.15
313426,0.14
313429,0.16
313469,0.08
313479,0.11
313485,0.26
313494,0.06
313496,0.14
313501,0.09
313506,0.13
313521,0.06
313524,0.16
313538,0.24
313550,0.11
313557,0.14
313573,0.07
313583,0.1
313592,0.09
313602,0.14
313604,0.17
313606,0.22
313617,0.27
313622,0.08
313625,0.2
313638,0.11
313639,0.15
313645,0.12
313655,0.23
313656,0.34
313663,0.16
313669,0.16
313670,0.16
313676,0.1
313689,0.22
313699,0.09
313711,0.07
313720,0.1
313731,0.15
313736,0.31
313741,0.1
313744,0.15
313749,0.32
313750,0.08
313753,0.18
313763,0.12
313765,0.21
313776,0.06
313778,0.12
313781,0.12
313786,0.37
313787,0.07
313795,0.12
313809,0.15
313810,0.09
313811,0.19
313818,0.44
313825,0.11
313830,0.13
313831,0.09
313834,0.17
313837,0.25
313841,0.14
313859,0.1
313882,0.1
313887,0.3
313900,0.06
313902,0.13
313906,0.08
313930,0.07
313932,0.09
313943,0.17
313944,0.06
313957,0.11
313970,0.19
313980,0.07
313982,0.08
313999,0.28
314000,0.15
314003,0.16
314004,0.13
314005,0.28
314007,0.09
314010,0.17
314011,0.08
314016,0.14
314023,0.11
314024,0.1
314031,0.13
314038,0.19
314041,0.04
314061,0.18
314073,0.08
314091,0.13
314097,0.2
314099,0.09
314107,0.08
314124,0.15
314127,0.13
314131,0.09
314132,0.08
314137,0.22
314139,0.07
314143,0.07
314149,0.09
314153,0.11
314154,0.19
314160,0.09
314167,0.14
314171,0.09
314182,0.1
314190,0.11
314194,0.09
314198,0.13
314211,0.16
314220,0.19
314245,0.11
314247,0.08
314256,0.07
314259,0.09
314267,0.12
314271,0.09
314278,0.2
314282,0.08
314283,0.12
314294,0.17
314298,0.06
314299,0.21
314306,0.07
314307,0.13
314308,0.16
314309,0.18
314317,0.15
314323,0.12
314332,0.11
314334,0.09
314335,0.15
314337,0.04
314343,0.11
314344,0.12
314346,0.12
314351,0.06
314354,0.1
314355,0.1
314359,0.11
314364,0.09
314366,0.12
314367,0.29
314374,0.13
314376,0.06
314387,0.35
314405,0.21
314412,0.02
314418,0.22
314429,0.08
314438,0.27
314442,0.1
314477,0.12
314480,0.12
314486,0.11
314487,0.21
314488,0.1
314490,0.1
314523,0.1
314528,0.16
314535,0.07
314542,0.13
314560,0.12
314585,0.32
314594,0.1
314596,0.16
314601,0.1
314603,0.08
314612,0.14
314615,0.37
314619,0.05
314621,0.21
314627,0.25
314629,0.1
314635,0.29
314639,0.1
314646,0.17
314650,0.27
314661,0.1
314690,0.12
314699,0.06
314705,0.18
314709,0.08
314710,0.04
314711,0.13
314714,0.1
314719,0.05
314722,0.12
314723,0.21
314729,0.12
314732,0.23
314734,0.33
314746,0.17
314761,0.35
314769,0.08
314773,0.19
314774,0.16
314776,0.13
314780,0.13
314785,0.16
314789,0.27
314796,0.17
314810,0.09
314812,0.08
314817,0.11
314822,0.14
314840,0.13
314843,0.09
314853,0.1
314856,0.1
314862,0.16
314864,0.05
314878,0.12
314894,0.12
314906,0.37
314912,0.06
314914,0.06
314933,0.24
314941,0.08
314949,0.17
314950,0.13
314952,0.1
314961,0.13
314970,0.19
314972,0.19
314975,0.19
314985,0.09
314986,0.16
314991,0.19
314995,0.11
314997,0.06
315003,0.08
315035,0.16
315038,0.21
315040,0.04
315046,0.05
315053,0.05
315054,0.13
315060,0.18
315061,0.1
315067,0.23
315076,0.3
315079,0.15
315083,0.11
315084,0.1
315092,0.13
315095,0.2
315112,0.22
315122,0.17
315123,0.09
315125,0.24
315136,0.26
315143,0.25
315145,0.09
315153,0.1
315164,0.26
315169,0.09
315178,0.24
315179,0.11
315189,0.07
315192,0.21
315194,0.15
315198,0.11
315210,0.13
315211,0.08
315221,0.41
315222,0.1
315228,0.19
315231,0.23
315233,0.07
315235,0.14
315240,0.13
315244,0.16
315257,0.14
315261,0.23
315271,0.21
315278,0.17
315282,0.15
315287,0.13
315288,0.2
315291,0.24
315306,0.02
315309,0.06
315312,0.06
315330,0.08
315335,0.27
315337,0.18
315343,0.14
315344,0.26
315366,0.02
315389,0.26
315403,0.17
315414,0.29
315425,0.07
315430,0.13
315432,0.21
315436,0.17
315437,0.07
315445,0.12
315451,0.14
315460,0.07
315462,0.08
315476,0.12
315480,0.12
315489,0.17
315494,0.07
315499,0.04
315503,0.11
315507,0.19
315540,0.07
315541,0.08
315546,0.15
315553,0.13
315569,0.23
315571,0.09
315574,0.16
315580,0.09
315587,0.11
315609,0.11
315610,0.1
315617,0.15
315623,0.15
315629,0.09
315635,0.17
315637,0.12
315641,0.08
315644,0.17
315654,0.22
315662,0.08
315663,0.21
315673,0.08
315677,0.08
315679,0.18
315680,0.13
315681,0.07
315682,0.12
315684,0.16
315693,0.15
315701,0.04
315705,0.18
315706,0.08
315711,0.21
315714,0.23
315725,0.1
315738,0.1
315740,0.13
315749,0.23
315753,0.13
315757,0.16
315778,0.08
315781,0.18
315793,0.09
315813,0.03
315822,0.23
315827,0.21
315831,0.09
315843,0.14
315857,0.25
315864,0.13
315869,0.15
315870,0.15
315878,0.31
315891,0.14
315894,0.15
315895,0.17
315903,0.12
315917,0.13
315920,0.11
315937,0.09
315938,0.13
315947,0.19
315970,0.31
315971,0.09
315974,0.08
315984,0.16
315985,0.18
315988,0.09
315993,0.21
315995,0.24
315997,0.14
316000,0.13
316009,0.22
316011,0.15
316014,0.14
316021,0.16
316022,0.14
316023,0.16
316060,0.07
316063,0.11
316065,0.21
316066,0.14
316077,0.14
316083,0.06
316093,0.18
316100,0.07
316110,0.09
316118,0.05
316135,0.03
316139,0.24
316154,0.19
316156,0.08
316171,0.08
316173,0.06
316186,0.21
316188,0.11
316190,0.33
316195,0.12
316205,0.13
316214,0.11
316216,0.13
316220,0.11
316222,0.05
316224,0.2
316226,0.05
316230,0.14
316248,0.16
316258,0.16
316269,0.16
316270,0.08
316279,0.16
316286,0.13
316295,0.1
316297,0.12
316305,0.11
316312,0.1
316313,0.05
316314,0.14
316320,0.2
316321,0.17
316328,0.12
316329,0.21
316334,0.07
316364,0.08
316372,0.14
316382,0.09
316407,0.03
316411,0.23
316433,0.23
316435,0.1
316441,0.18
316456,0.09
316457,0.07
316462,0.19
316465,0.11
316466,0.24
316468,0.12
316469,0.09
316479,0.14
316481,0.08
316484,0.13
316502,0.18
316517,0.12
316525,0.12
316531,0.06
316546,0.05
316549,0.23
316557,0.05
316561,0.18
316564,0.18
316565,0.13
316594,0.23
316595,0.14
316600,0.13
316625,0.09
316645,0.17
316647,0.26
316659,0.14
316683,0.17
316694,0.17
316697,0.1
316701,0.14
316702,0.1
316703,0.09
316718,0.17
316723,0.19
316748,0.2
316756,0.08
316758,0.19
316763,0.11
316764,0.23
316768,0.07
316769,0.1
316772,0.09
316777,0.28
316781,0.09
316785,0.2
316786,0.19
316815,0.27
316816,0.19
316828,0.09
316831,0.12
316837,0.12
316843,0.12
316849,0.18
316854,0.1
316862,0.08
316867,0.18
316902,0.13
316903,0.05
316906,0.07
316914,0.07
316915,0.12
316923,0.1
316928,0.14
316930,0.1
316932,0.29
316940,0.11
316947,0.09
316948,0.06
316977,0.15
316983,0.2
316987,0.14
317003,0.12
317005,0.12
317035,0.06
317036,0.04
317043,0.16
317048,0.05
317056,0.1
317065,0.11
317079,0.09
317080,0.09
317083,0.14
317087,0.11
317103,0.12
317117,0.21
317119,0.11
317125,0.11
317126,0.22
317134,0.13
317138,0.06
317142,0.05
317150,0.08
317184,0.14
317190,0.18
317196,0.06
317197,0.17
317206,0.16
317210,0.14
317221,0.18
317226,0.18
317227,0.45
317236,0.08
317237,0.23
317241,0.07
317249,0.13
317256,0.08
317282,0.11
317294,0.11
317298,0.18
317300,0.03
317307,0.1
317311,0.07
317318,0.09
317322,0.11
317323,0.24
317332,0.1
317338,0.14
317346,0.12
317347,0.13
317349,0.16
317354,0.3
317369,0.19
317386,0.14
317389,0.06
317410,0.19
317411,0.15
317422,0.13
317434,0.13
317446,0.12
317449,0.17
317455,0.12
317469,0.06
317475,0.09
317476,0.07
317487,0.14
317488,0.13
317499,0.28
317500,0.06
317506,0.1
317515,0.09
317518,0.12
317520,0.23
317546,0.2
317549,0.11
317554,0.07
317565,0.09
317579,0.06
317591,0.05
317592,0.25
317593,0.25
317594,0.12
317601,0.13
317603,0.24
317606,0.19
317608,0.1
317611,0.14
317618,0.09
317628,0.12
317629,0.22
317642,0.14
317644,0.2
317648,0.19
317650,0.09
317665,0.18
317675,0.17
317695,0.17
317696,0.14
317704,0.1
317713,0.1
317730,0.24
317735,0.22
317736,0.14
317738,0.13
317747,0.21
317764,0.2
317765,0.25
317772,0.19
317774,0.09
317786,0.04
317788,0.1
317806,0.2
317809,0.3
317811,0.09
317814,0.11
317815,0.31
317830,0.1
317835,0.1
317843,0.21
317856,0.14
317863,0.26
317876,0.29
317889,0.1
317902,0.11
317910,0.15
317914,0.13
317933,0.1
317936,0.18
317940,0.17
317944,0.15
317952,0.13
317955,0.2
317958,0.12
317965,0.1
317966,0.15
317978,0.11
318000,0.06
318007,0.1
318008,0.17
318012,0.1
318016,0.04
318019,0.15
318020,0.13
318021,0.11
318025,0.19
318036,0.07
318044,0.09
318055,0.11
318056,0.23
318057,0.22
318065,0.13
318075,0.11
318081,0.23
318094,0.06
318096,0.07
318104,0.19
318105,0.1
318109,0.19
318113,0.09
318121,0.2
318122,0.11
318126,0.09
318127,0.1
318131,0.11
318135,0.2
318155,0.04
318156,0.1
318161,0.16
318164,0.12
318169,0.09
318173,0.2
318176,0.22
318177,0.08
318181,0.09
318187,0.09
318193,0.07
318203,0.12
318206,0.14
318214,0.09
318220,0.09
318232,0.12
318250,0.19
318251,0.15
318252,0.07
318254,0.17
318260,0.1
318261,0.03
318263,0.06
318264,0.2
318266,0.06
318267,0.09
318268,0.13
318270,0.15
318274,0.15
318282,0.08
318286,0.16
318292,0.07
318297,0.15
318320,0.09
318337,0.15
318343,0.08
318347,0.09
318351,0.2
318357,0.34
318360,0.05
318384,0.08
318385,0.16
318387,0.15
318390,0.24
318391,0.07
318393,0.05
318406,0.06
318408,0.28
318410,0.25
318424,0.15
318428,0.15
318432,0.04
318433,0.18
318445,0.08
318452,0.34
318467,0.14
318473,0.22
318480,0.14
318486,0.17
318496,0.1
318505,0.26
318511,0.14
318517,0.04
318522,0.23
318527,0.09
318530,0.14
318531,0.1
318533,0.12
318535,0.16
318536,0.13
318548,0.12
318551,0.1
318557,0.14
318576,0.13
318581,0.27
318607,0.15
318609,0.12
318615,0.23
318634,0.27
318640,0.26
318651,0.26
318657,0.14
318669,0.1
318674,0.18
318675,0.09
318686,0.09
318694,0.09
318760,0.18
318762,0.06
318763,0.01
318765,0.1
318766,0.15
318769,0.28
318775,0.05
318782,0.12
318786,0.26
318792,0.08
318801,0.12
318802,0.13
318803,0.12
318805,0.12
318813,0.16
318817,0.17
318821,0.12
318827,0.19
318834,0.12
318835,0.06
318851,0.12
318857,0.11
318862,0.07
318874,0.15
318878,0.11
318897,0.08
318909,0.35
318924,0.29
318927,0.11
318942,0.2
318946,0.17
318957,0.14
318959,0.15
318975,0.11
318982,0.04
318987,0.04
318993,0.06
318995,0.16
318996,0.1
318997,0.18
318999,0.12
319012,0.22
319014,0.04
319018,0.12
319020,0.22
319048,0.13
319052,0.17
319067,0.15
319083,0.14
319088,0.07
319089,0.13
319090,0.38
319096,0.1
319099,0.04
319108,0.16
319116,0.19
319117,0.16
319119,0.14
319126,0.22
319133,0.27
319135,0.11
319137,0.14
319143,0.19
319168,0.17
319170,0.11
319174,0.1
319181,0.05
319192,0.11
319193,0.09
319198,0.11
319211,0.08
319219,0.13
319220,0.09
319226,0.12
319240,0.08
319248,0.09
319257,0.1
319261,0.13
319264,0.06
319268,0.09
319289,0.15
319292,0.09
319295,0.16
319302,0.17
319308,0.13
319310,0.14
319313,0.03
319322,0.13
319329,0.09
319331,0.14
319334,0.15
319346,0.09
319352,0.31
319358,0.25
319363,0.09
319365,0.13
319370,0.06
319371,0.25
319372,0.07
319385,0.15
319387,0.07
319393,0.08
319396,0.16
319406,0.07
319439,0.05
319440,0.21
319441,0.32
319462,0.13
319471,0.14
319475,0.13
319476,0.1
319486,0.09
319487,0.13
319489,0.15
319491,0.13
319494,0.05
319496,0.36
319512,0.08
319519,0.07
319522,0.1
319530,0.11
319540,0.07
319547,0.07
319549,0.1
319559,0.15
319561,0.11
319566,0.07
319569,0.08
319574,0.12
319579,0.06
319580,0.1
319582,0.08
319583,0.15
319585,0.15
319598,0.11
319600,0.1
319602,0.05
319603,0.1
319604,0.05
319608,0.12
319622,0.17
319623,0.09
319625,0.11
319628,0.14
319637,0.04
319639,0.09
319658,0.15
319669,0.07
319677,0.13
319683,0.17
319688,0.07
319697,0.14
319700,0.07
319727,0.22
319747,0.17
319751,0.14
319758,0.14
319759,0.14
319765,0.07
319768,0.05
319774,0.1
319776,0.18
319777,0.09
319785,0.09
319789,0.12
319792,0.13
319799,0.09
319814,0.16
319815,0.11
319822,0.09
319829,0.15
319836,0.16
319837,0.11
319839,0.13
319843,0.13
319860,0.21
319876,0.23
319877,0.1
319887,0.17
319889,0.1
319892,0.12
319893,0.07
319897,0.1
319898,0.12
319911,0.11
319917,0.14
319923,0.06
319927,0.16
319929,0.13
319931,0.22
319948,0.11
319949,0.04
319992,0.19
319999,0.13
320001,0.12
320003,0.13
320004,0.27
320011,0.22
320012,0.12
320021,0.17
320026,0.11
320034,0.02
320041,0.29
320042,0.19
320046,0.12
320056,0.04
320062,0.02
320093,0.19
320094,0.15
320101,0.22
320114,0.22
320126,0.11
320128,0.07
320137,0.07
320149,0.07
320165,0.14
320172,0.13
320173,0.2
320175,0.19
320179,0.27
320181,0.14
320191,0.14
320192,0.08
320195,0.07
320199,0.1
320202,0.11
320203,0.24
320205,0.11
320224,0.28
320227,0.29
320228,0.1
320248,0.32
320252,0.11
320254,0.21
320259,0.1
320267,0.2
320276,0.04
320287,0.23
320291,0.04
320295,0.12
320297,0.12
320305,0.23
320321,0.32
320331,0.17
320336,0.12
320341,0.11
320344,0.1
320356,0.06
320362,0.1
320369,0.17
320379,0.12
320387,0.09
320397,0.05
320412,0.12
320421,0.12
320428,0.25
320429,0.24
320430,0.23
320434,0.07
320453,0.12
320462,0.11
320469,0.12
320475,0.1
320478,0.21
320484,0.12
320494,0.07
320499,0.06
320541,0.15
320550,0.08
320561,0.08
320562,0.16
320564,0.16
320566,0.25
320568,0.11
320593,0.16
320609,0.09
320614,0.14
320621,0.09
320639,0.24
320640,0.16
320656,0.06
320657,0.06
320670,0.05
320672,0.11
320691,0.2
320693,0.09
320698,0.06
320699,0.15
320704,0.14
320709,0.09
320711,0.07
320724,0.14
320737,0.09
320744,0.09
320747,0.11
320750,0.26
320752,0.17
320760,0.14
320765,0.3
320767,0.1
320778,0.27
320784,0.04
320789,0.21
320793,0.07
320795,0.24
320805,0.16
320806,0.21
320823,0.19
320828,0.19
320833,0.18
320843,0.1
320846,0.09
320851,0.26
320852,0.16
320869,0.1
320873,0.21
320890,0.06
320905,0.19
320912,0.14
320914,0.08
320915,0.11
320920,0.11
320924,0.1
320925,0.15
320936,0.11
320937,0.13
320940,0.11
320943,0.08
320954,0.1
320959,0.18
320960,0.11
320966,0.15
320968,0.11
320975,0.08
320978,0.05
320979,0.08
320981,0.07
320987,0.11
320989,0.13
321009,0.3
321021,0.12
321035,0.26
321038,0.07
321039,0.23
321051,0.07
321058,0.07
321066,0.2
321075,0.22
321092,0.07
321098,0.3
321107,0.21
321116,0.24
321118,0.13
321124,0.14
321131,0.09
321134,0.18
321140,0.15
321143,0.12
321145,0.06
321150,0.09
321151,0.1
321153,0.16
321154,0.06
321156,0.07
321160,0.07
321176,0.08
321183,0.09
321187,0.16
321196,0.11
321197,0.11
321204,0.19
321208,0.1
321209,0.18
321223,0.27
321226,0.05
321227,0.13
321236,0.08
321249,0.19
321250,0.14
321253,0.16
321256,0.21
321276,0.17
321298,0.13
321303,0.1
321309,0.13
321313,0.17
321322,0.3
321345,0.06
321350,0.15
321355,0.09
321358,0.15
321370,0.23
321377,0.18
321385,0.19
321398,0.12
321401,0.11
321415,0.1
321416,0.22
321419,0.1
321427,0.12
321433,0.16
321439,0.15
321455,0.16
321463,0.13
321465,0.12
321480,0.08
321486,0.08
321498,0.15
321502,0.21
321510,0.19
321524,0.12
321526,0.22
321528,0.14
321533,0.23
321536,0.16
321548,0.17
321557,0.11
321564,0.16
321567,0.13
321602,0.2
321625,0.17
321627,0.11
321640,0.14
321645,0.13
321648,0.11
321649,0.18
321652,0.16
321659,0.14
321667,0.11
321676,0.05
321696,0.11
321697,0.16
321702,0.13
321704,0.12
321706,0.11
321710,0.05
321722,0.11
321760,0.08
321770,0.14
321779,0.1
321784,0.16
321786,0.2
321792,0.12
321795,0.1
321801,0.14
321804,0.12
321806,0.19
321807,0.16
321808,0.36
321809,0.12
321825,0.17
321828,0.15
321843,0.19
321848,0.22
321854,0.14
321869,0.13
321870,0.35
321887,0.02
321896,0.12
321898,0.27
321908,0.15
321910,0.1
321915,0.16
321919,0.19
321922,0.18
321928,0.17
321929,0.18
321932,0.19
321934,0.18
321936,0.28
321956,0.09
321957,0.19
321965,0.1
321970,0.11
321974,0.06
321980,0.04
321985,0.09
321992,0.11
321999,0.1
322005,0.12
322018,0.08
322020,0.03
322021,0.2
322023,0.1
322024,0.17
322039,0.07
322054,0.17
322061,0.08
322082,0.05
322088,0.18
322093,0.1
322105,0.19
322111,0.18
322113,0.18
322117,0.09
322120,0.09
322123,0.1
322132,0.17
322136,0.15
322141,0.13
322147,0.2
322169,0.12
322170,0.31
322172,0.15
322196,0.1
322198,0.21
322217,0.15
322226,0.16
322227,0.14
322229,0.13
322242,0.1
322244,0.06
322249,0.04
322250,0.18
322253,0.09
322254,0.1
322267,0.09
322269,0.08
322274,0.3
322285,0.25
322309,0.12
322320,0.07
322327,0.08
322331,0.07
322332,0.11
322334,0.23
322339,0.18
322348,0.18
322350,0.32
322354,0.26
322356,0.11
322367,0.16
322369,0.08
322372,0.15
322374,0.11
322383,0.19
322388,0.24
322393,0.13
322395,0.19
322407,0.06
322413,0.09
322416,0.07
322419,0.08
322424,0.12
322432,0.08
322442,0.12
322447,0.07
322448,0.14
322460,0.1
322461,0.27
322468,0.08
322472,0.32
322473,0.2
322488,0.09
322490,0.12
322491,0.1
322497,0.22
322503,0.14
322521,0.23
322525,0.17
322533,0.14
322549,0.06
322561,0.09
322566,0.05
322570,0.22
322574,0.12
322578,0.1
322579,0.2
322586,0.13
322596,0.21
322598,0.14
322603,0.22
322614,0.11
322626,0.14
322630,0.15
322639,0.2
322640,0.1
322642,0.14
322651,0.09
322652,0.19
322656,0.16
322662,0.08
322664,0.15
322681,0.31
322684,0.1
322685,0.16
322711,0.13
322717,0.15
322719,0.14
322730,0.1
322740,0.09
322743,0.18
322749,0.1
322757,0.13
322759,0.16
322760,0.12
322770,0.07
322786,0.17
322797,0.17
322800,0.18
322815,0.04
322831,0.1
322835,0.3
322841,0.12
322845,0.12
322846,0.07
322851,0.11
322852,0.11
322877,0.13
322880,0.15
322893,0.16
322911,0.13
322928,0.18
322934,0.17
322938,0.3
322950,0.09
322959,0.09
322961,0.17
322965,0.22
322966,0.06
322968,0.06
322977,0.1
322979,0.04
322986,0.12
322990,0.15
322998,0.1
323005,0.15
323008,0.09
323014,0.08
323015,0.07
323025,0.12
323030,0.09
323033,0.1
323036,0.09
323043,0.2
323049,0.13
323051,0.16
323053,0.13
323056,0.17
323059,0.19
323076,0.14
323088,0.14
323108,0.34
323112,0.09
323127,0.08
323135,0.1
323137,0.11
323141,0.07
323142,0.23
323147,0.23
323150,0.2
323153,0.13
323156,0.11
323161,0.11
323171,0.12
323173,0.21
323176,0.17
323184,0.08
323189,0.14
323193,0.08
323209,0.28
323218,0.22
323224,0.29
323235,0.09
323236,0.06
323242,0.07
323252,0.05
323253,0.22
323254,0.04
323271,0.12
323276,0.08
323278,0.11
323281,0.09
323285,0.1
323289,0.17
323292,0.06
323297,0.17
323312,0.11
323318,0.05
323319,0.09
323324,0.16
323325,0.27
323328,0.14
323334,0.13
323338,0.15
323340,0.09
323343,0.16
323354,0.08
323373,0.08
323376,0.14
323381,0.14
323382,0.07
323383,0.27
323387,0.12
323394,0.09
323398,0.21
323405,0.16
323407,0.1
323428,0.3
323436,0.16
323451,0.18
323455,0.06
323463,0.08
323466,0.14
323475,0.09
323477,0.07
323481,0.05
323485,0.04
323488,0.1
323493,0.08
323494,0.12
323505,0.11
323506,0.1
323509,0.05
323518,0.16
323530,0.19
323539,0.1
323549,0.11
323557,0.16
323568,0.14
323569,0.14
323571,0.11
323573,0.17
323585,0.07
323588,0.12
323599,0.19
323615,0.07
323617,0.15
323620,0.28
323636,0.13
323665,0.12
323670,0.15
323675,0.07
323688,0.15
323693,0.13
323694,0.14
323696,0.14
323710,0.15
323716,0.2
323718,0.17
323719,0.14
323720,0.14
323722,0.08
323729,0.32
323738,0.06
323740,0.08
323787,0.04
323795,0.14
323801,0.11
323810,0.1
323822,0.13
323825,0.12
323833,0.18
323860,0.06
323871,0.16
323879,0.13
323888,0.09
323891,0.27
323894,0.16
323909,0.11
323911,0.13
323920,0.26
323923,0.11
323930,0.12
323935,0.09
323937,0.24
323938,0.08
323948,0.18
323956,0.2
323962,0.22
323964,0.09
323966,0.08
323970,0.15
323972,0.11
323977,0.14
323985,0.12
323989,0.18
323994,0.11
324010,0.11
324020,0.13
324033,0.08
324052,0.29
324055,0.07
324075,0.09
324087,0.26
324088,0.08
324091,0.09
324104,0.22
324109,0.2
324114,0.09
324118,0.06
324125,0.2
324130,0.24
324146,0.08
324149,0.09
324156,0.09
324170,0.17
324171,0.15
324172,0.08
324178,0.31
324180,0.1
324220,0.15
324222,0.09
324227,0.08
324229,0.11
324230,0.13
324235,0.07
324243,0.13
324247,0.4
324264,0.16
324269,0.12
324270,0.1
324271,0.17
324291,0.17
324293,0.12
324296,0.21
324298,0.09
324302,0.22
324305,0.1
324310,0.08
324325,0.15
324339,0.06
324345,0.16
324347,0.15
324356,0.12
324383,0.12
324387,0.11
324393,0.17
324400,0.07
324401,0.07
324412,0.11
324414,0.09
324415,0.11
324416,0.13
324420,0.25
324437,0.06
324445,0.29
324464,0.09
324472,0.16
324496,0.15
324499,0.17
324512,0.15
324544,0.22
324545,0.09
324552,0.19
324553,0.12
324558,0.21
324559,0.16
324572,0.14
324582,0.06
324595,0.22
324596,0.18
324598,0.12
324614,0.12
324620,0.24
324621,0.13
324624,0.08
324651,0.14
324655,0.29
324669,0.11
324674,0.33
324677,0.11
324681,0.22
324689,0.06
324708,0.1
324714,0.14
324716,0.21
324719,0.14
324731,0.18
324733,0.15
324741,0.25
324745,0.08
324747,0.19
324748,0.07
324764,0.24
324772,0.14
324788,0.05
324795,0.12
324801,0.13
324811,0.14
324816,0.19
324821,0.17
324825,0.08
324840,0.2
324841,0.14
324854,0.22
324866,0.17
324884,0.22
324894,0.15
324895,0.1
324913,0.11
324914,0.15
324944,0.23
324949,0.27
324978,0.08
324983,0.12
324987,0.26
324995,0.05
325000,0.09
325001,0.27
325005,0.08
325017,0.12
325019,0.07
325020,0.14
325021,0.28
325041,0.12
325063,0.29
325066,0.15
325070,0.19
325102,0.2
325117,0.06
325121,0.15
325136,0.08
325153,0.1
325157,0.06
325158,0.13
325163,0.14
325180,0.17
325181,0.05
325185,0.17
325194,0.14
325196,0.22
325206,0.12
325212,0.15
325217,0.3
325218,0.18
325223,0.06
325238,0.25
325254,0.24
325258,0.13
325268,0.08
325269,0.2
325275,0.08
325277,0.2
325282,0.17
325284,0.08
325289,0.14
325291,0.15
325300,0.06
325303,0.08
325306,0.08
325313,0.14
325316,0.19
325318,0.05
325332,0.23
325344,0.19
325354,0.11
325360,0.1
325364,0.22
325375,0.19
325377,0.08
325380,0.11
325390,0.15
325392,0.11
325395,0.11
325411,0.08
325412,0.11
325420,0.19
325424,0.16
325433,0.28
325438,0.1
325439,0.1
325443,0.16
325454,0.23
325464,0.11
325473,0.1
325476,0.13
325495,0.17
325525,0.13
325529,0.07
325552,0.11
325553,0.12
325564,0.12
325565,0.2
325580,0.19
325590,0.26
325591,0.08
325596,0.12
325601,0.11
325602,0.18
325623,0.11
325625,0.19
325641,0.29
325645,0.1
325657,0.12
325680,0.2
325691,0.15
325701,0.08
325710,0.16
325712,0.15
325714,0.1
325716,0.19
325724,0.25
325744,0.1
325751,0.26
325757,0.09
325765,0.09
325767,0.35
325770,0.16
325778,0.13
325784,0.14
325791,0.16
325809,0.17
325814,0.22
325817,0.18
325820,0.29
325822,0.16
325830,0.19
325832,0.4
325840,0.11
325849,0.1
325852,0.08
325859,0.06
325864,0.15
325865,0.22
325879,0.17
325890,0.19
325899,0.05
325908,0.1
325916,0.09
325918,0.14
325919,0.06
325922,0.13
325925,0.11
325934,0.12
325939,0.06
325942,0.11
325948,0.36
325954,0.07
325962,0.11
325966,0.14
325969,0.12
325971,0.02
325972,0.12
325976,0.04
325981,0.13
325992,0.12
326013,0.12
326017,0.18
326019,0.13
326027,0.16
326028,0.05
326033,0.14
326041,0.07
326043,0.05
326049,0.16
326054,0.1
326057,0.16
326074,0.11
326078,0.12
326083,0.11
326084,0.1
326085,0.1
326087,0.12
326088,0.23
326102,0.34
326117,0.05
326145,0.11
326150,0.12
326160,0.11
326166,0.12
326170,0.06
326180,0.12
326182,0.19
326186,0.06
326188,0.17
326190,0.25
326196,0.14
326199,0.16
326201,0.16
326204,0.14
326209,0.19
326211,0.08
326218,0.23
326239,0.18
326259,0.16
326260,0.1
326284,0.17
326289,0.14
326290,0.17
326295,0.18
326299,0.16
326305,0.08
326309,0.1
326323,0.08
326364,0.11
326369,0.08
326385,0.08
326410,0.08
326411,0.07
326418,0.16
326428,0.08
326435,0.19
326437,0.14
326438,0.12
326451,0.11
326464,0.18
326471,0.09
326472,0.35
326475,0.17
326477,0.13
326480,0.05
326486,0.1
326502,0.05
326506,0.25
326513,0.06
326516,0.09
326528,0.1
326530,0.05
326531,0.1
326532,0.05
326538,0.07
326551,0.08
326559,0.05
326576,0.13
326577,0.19
326602,0.15
326606,0.12
326618,0.11
326620,0.06
326624,0.22
326639,0.16
326647,0.21
326652,0.22
326661,0.26
326667,0.16
326670,0.13
326672,0.09
326693,0.24
326704,0.09
326723,0.14
326734,0.16
326738,0.25
326746,0.14
326753,0.11
326754,0.09
326763,0.32
326779,0.13
326785,0.22
326786,0.1
326787,0.19
326789,0.15
326799,0.08
326802,0.1
326804,0.13
326823,0.16
326827,0.14
326833,0.11
326838,0.09
326842,0.09
326856,0.12
326867,0.08
326870,0.07
326871,0.08
326875,0.16
326879,0.12
326884,0.12
326900,0.21
326904,0.07
326905,0.24
326917,0.14
326919,0.17
326921,0.28
326929,0.14
326942,0.18
326944,0.06
326953,0.25
326968,0.1
326985,0.12
326987,0.12
326988,0.13
326994,0.07
327005,0.03
327010,0.08
327017,0.19
327026,0.17
327030,0.07
327031,0.16
327045,0.15
327054,0.08
327078,0.05
327080,0.09
327087,0.26
327137,0.11
327147,0.08
327150,0.14
327153,0.2
327160,0.14
327164,0.08
327169,0.19
327187,0.3
327188,0.12
327189,0.12
327194,0.1
327196,0.15
327202,0.16
327207,0.11
327215,0.13
327216,0.21
327220,0.1
327222,0.19
327230,0.15
327231,0.26
327238,0.2
327247,0.15
327262,0.16
327265,0.07
327267,0.12
327273,0.07
327276,0.18
327280,0.13
327287,0.19
327301,0.11
327307,0.09
327309,0.15
327316,0.1
327327,0.18
327334,0.19
327335,0.2
327338,0.1
327341,0.09
327350,0.11
327355,0.03
327370,0.08
327386,0.17
327391,0.29
327393,0.15
327408,0.18
327415,0.15
327431,0.1
327445,0.11
327449,0.15
327457,0.12
327488,0.11
327489,0.13
327523,0.15
327537,0.1
327550,0.17
327556,0.13
327562,0.08
327567,0.29
327587,0.21
327594,0.16
327602,0.08
327604,0.06
327609,0.13
327618,0.1
327620,0.1
327626,0.24
327628,0.07
327629,0.07
327631,0.14
327633,0.11
327638,0.1
327665,0.13
327689,0.17
327697,0.11
327702,0.17
327704,0.2
327723,0.1
327726,0.11
327732,0.09
327739,0.13
327750,0.12
327751,0.1
327765,0.19
327766,0.11
327771,0.12
327772,0.29
327774,0.28
327784,0.16
327789,0.08
327794,0.06
327799,0.16
327803,0.17
327817,0.1
327819,0.08
327823,0.16
327828,0.39
327834,0.18
327835,0.07
327866,0.35
327871,0.15
327886,0.11
327900,0.11
327901,0.15
327904,0.12
327906,0.16
327908,0.12
327909,0.07
327914,0.32
327917,0.22
327928,0.09
327947,0.13
327949,0.12
327952,0.14
327954,0.13
327962,0.17
327964,0.31
327985,0.14
327996,0.15
327997,0.11
328013,0.09
328017,0.23
328027,0.18
328029,0.24
328042,0.16
328043,0.12
328064,0.16
328072,0.05
328074,0.18
328080,0.03
328086,0.12
328122,0.1
328126,0.07
328127,0.22
328142,0.08
328144,0.09
328150,0.18
328154,0.13
328160,0.12
328171,0.16
328179,0.13
328192,0.05
328195,0.08
328196,0.08
328201,0.07
328203,0.1
328217,0.13
328218,0.12
328228,0.2
328231,0.13
328246,0.13
328252,0.17
328255,0.21
328264,0.09
328281,0.16
328282,0.05
328291,0.16
328303,0.1
328305,0.21
328313,0.11
328336,0.16
328340,0.04
328343,0.17
328368,0.32
328372,0.15
328381,0.09
328383,0.23
328385,0.09
328393,0.14
328395,0.05
328409,0.09
328424,0.12
328427,0.22
328456,0.18
328463,0.23
328489,0.12
328491,0.1
328509,0.11
328516,0.2
328524,0.06
328535,0.1
328536,0.04
328539,0.09
328542,0.35
328545,0.22
328549,0.2
328554,0.04
328558,0.17
328571,0.11
328576,0.09
328578,0.12
328588,0.15
328601,0.06
328604,0.18
328624,0.04
328629,0.16
328632,0.08
328634,0.12
328636,0.17
328637,0.04
328647,0.13
328668,0.12
328669,0.05
328678,0.12
328684,0.22
328694,0.12
328705,0.09
328712,0.07
328720,0.09
328729,0.24
328730,0.13
328733,0.09
328758,0.1
328761,0.09
328764,0.09
328777,0.2
328783,0.08
328813,0.13
328819,0.04
328826,0.12
328829,0.16
328834,0.06
328845,0.06
328856,0.21
328865,0.25
328868,0.19
328878,0.35
328896,0.07
328899,0.11
328909,0.1
328914,0.05
328926,0.28
328934,0.15
328935,0.03
328949,0.17
328954,0.1
328957,0.22
328968,0.18
328974,0.08
328984,0.08
328991,0.05
328997,0.08
329000,0.13
329005,0.04
329007,0.13
329018,0.11
329034,0.22
329051,0.19
329052,0.11
329055,0.21
329062,0.22
329064,0.18
329070,0.25
329075,0.1
329078,0.13
329081,0.08
329086,0.27
329101,0.15
329105,0.13
329113,0.22
329119,0.25
329133,0.11
329135,0.12
329138,0.14
329143,0.12
329157,0.15
329165,0.14
329170,0.07
329176,0.24
329177,0.09
329179,0.1
329196,0.19
329209,0.19
329219,0.14
329241,0.14
329245,0.13
329248,0.13
329249,0.06
329251,0.1
329252,0.13
329256,0.18
329261,0.07
329264,0.33
329297,0.21
329310,0.1
329320,0.09
329328,0.05
329340,0.19
329347,0.09
329351,0.15
329356,0.1
329360,0.31
329364,0.1
329365,0.07
329381,0.1
329383,0.21
329385,0.11
329388,0.16
329390,0.08
329393,0.17
329403,0.19
329409,0.07
329418,0.27
329428,0.06
329433,0.12
329439,0.12
329459,0.12
329463,0.16
329475,0.1
329479,0.11
329494,0.18
329500,0.18
329503,0.07
329512,0.08
329514,0.27
329521,0.16
329526,0.25
329531,0.09
329534,0.2
329545,0.17
329553,0.03
329569,0.09
329571,0.2
329580,0.08
329585,0.24
329588,0.22
329603,0.09
329605,0.08
329611,0.08
329613,0.06
329615,0.14
329618,0.26
329623,0.09
329626,0.14
329678,0.14
329690,0.15
329693,0.16
329698,0.12
329700,0.05
329706,0.05
329709,0.17
329713,0.25
329716,0.1
329717,0.1
329719,0.13
329720,0.13
329737,0.11
329741,0.12
329742,0.12
329749,0.12
329765,0.15
329771,0.11
329775,0.14
329779,0.1
329781,0.1
329788,0.12
329798,0.12
329799,0.03
329810,0.26
329811,0.08
329812,0.06
329819,0.17
329822,0.15
329826,0.07
329843,0.08
329846,0.1
329856,0.16
329871,0.14
329882,0.1
329885,0.08
329893,0.06
329898,0.11
329903,0.12
329916,0.14
329918,0.12
329934,0.17
329942,0.11
329949,0.08
329958,0.21
329965,0.14
329969,0.14
329972,0.1
329981,0.28
329988,0.11
329989,0.17
330004,0.24
330006,0.3
330014,0.14
330025,0.21
330040,0.06
330047,0.23
330070,0.13
330074,0.1
330075,0.08
330085,0.16
330095,0.1
330106,0.17
330119,0.16
330122,0.13
330129,0.11
330145,0.21
330148,0.15
330154,0.14
330156,0.14
330162,0.09
330164,0.09
330187,0.08
330188,0.26
330189,0.16
330192,0.18
330193,0.13
330200,0.07
330205,0.12
330207,0.23
330220,0.13
330228,0.32
330243,0.07
330245,0.2
330270,0.04
330272,0.1
330279,0.06
330288,0.31
330289,0.13
330299,0.09
330308,0.05
330314,0.18
330317,0.14
330322,0.08
330332,0.05
330356,0.2
330358,0.13
330360,0.06
330363,0.18
330364,0.15
330368,0.07
330376,0.09
330378,0.18
330381,0.19
330386,0.11
330387,0.09
330395,0.17
330396,0.04
330406,0.11
330423,0.1
330430,0.16
330467,0.13
330469,0.09
330473,0.09
330479,0.15
330486,0.27
330523,0.19
330524,0.18
330540,0.06
330564,0.11
330565,0.05
330567,0.1
330568,0.15
330602,0.04
330616,0.07
330617,0.07
330625,0.18
330635,0.09
330636,0.14
330639,0.1
330661,0.16
330666,0.09
330670,0.1
330682,0.1
330690,0.08
330708,0.06
330726,0.07
330730,0.08
330765,0.11
330776,0.07
330789,0.08
330791,0.08
330803,0.07
330805,0.09
330807,0.1
330821,0.05
330822,0.07
330836,0.08
330837,0.1
330839,0.14
330840,0.07
330861,0.13
330878,0.23
330881,0.09
330888,0.07
330890,0.22
330903,0.29
330904,0.09
330905,0.07
330907,0.17
330915,0.11
330921,0.19
330922,0.11
330925,0.05
330942,0.19
330945,0.22
330957,0.14
330965,0.13
330973,0.1
330979,0.1
330981,0.15
331005,0.16
331018,0.11
331026,0.09
331032,0.04
331033,0.22
331036,0.04
331037,0.13
331048,0.11
331054,0.12
331058,0.1
331063,0.07
331077,0.09
331079,0.03
331081,0.22
331082,0.08
331090,0.14
331110,0.08
331127,0.17
331141,0.08
331153,0.14
331165,0.24
331171,0.15
331179,0.07
331191,0.16
331193,0.14
331197,0.1
331204,0.14
331207,0.25
331212,0.07
331220,0.19
331242,0.12
331244,0.22
331273,0.12
331281,0.17
331289,0.1
331293,0.13
331294,0.1
331299,0.1
331300,0.07
331302,0.05
331322,0.14
331334,0.06
331347,0.13
331353,0.04
331361,0.08
331370,0.08
331379,0.09
331382,0.07
331388,0.24
331390,0.07
331400,0.18
331411,0.09
331431,0.09
331451,0.13
331455,0.11
331456,0.19
331461,0.09
331468,0.14
331480,0.26
331491,0.05
331505,0.22
331508,0.07
331517,0.13
331519,0.26
331526,0.14
331530,0.1
331533,0.09
331554,0.19
331579,0.1
331590,0.11
331599,0.06
331604,0.13
331605,0.12
331611,0.1
331616,0.18
331620,0.07
331623,0.22
331641,0.14
331645,0.19
331657,0.14
331662,0.11
331678,0.08
331684,0.23
331686,0.22
331691,0.17
331697,0.24
331707,0.14
331709,0.08
331716,0.11
331719,0.12
331729,0.14
331735,0.06
331743,0.19
331761,0.17
331772,0.08
331777,0.06
331794,0.13
331813,0.17
331818,0.29
331834,0.13
331848,0.07
331849,0.13
331868,0.1
331875,0.12
331879,0.1
331886,0.05
331888,0.15
331891,0.11
331903,0.09
331905,0.04
331913,0.13
331914,0.11
331937,0.04
331938,0.13
331939,0.19
331944,0.14
331948,0.1
331968,0.04
331976,0.45
331977,0.24
332007,0.1
332014,0.14
332017,0.06
332027,0.09
332033,0.14
332041,0.15
332042,0.2
332047,0.08
332050,0.17
332056,0.03
332071,0.15
332075,0.19
332076,0.09
332077,0.11
332083,0.08
332093,0.28
332111,0.12
332119,0.11
332121,0.25
332135,0.11
332144,0.16
332147,0.08
332155,0.15
332156,0.21
332164,0.07
332166,0.1
332170,0.22
332180,0.23
332181,0.13
332184,0.14
332192,0.23
332204,0.08
332225,0.12
332234,0.22
332243,0.31
332253,0.14
332261,0.11
332266,0.18
332270,0.23
332285,0.17
332290,0.12
332296,0.08
332298,0.15
332302,0.12
332303,0.16
332317,0.07
332318,0.2
332327,0.15
332337,0.21
332351,0.12
332373,0.05
332377,0.14
332384,0.2
332398,0.11
332404,0.11
332405,0.06
332454,0.12
332456,0.14
332464,0.16
332468,0.12
332476,0.1
332482,0.18
332483,0.1
332508,0.17
332519,0.24
332529,0.19
332537,0.27
332545,0.22
332551,0.12
332552,0.12
332570,0.19
332574,0.21
332579,0.1
332607,0.17
332618,0.16
332626,0.07
332628,0.16
332645,0.1
332652,0.25
332666,0.18
332694,0.07
332697,0.18
332698,0.12
332700,0.15
332708,0.27
332714,0.1
332722,0.07
332724,0.13
332730,0.06
332741,0.09
332746,0.06
332754,0.05
332756,0.22
332759,0.11
332764,0.35
332786,0.1
332790,0.09
332816,0.21
332821,0.15
332827,0.13
332829,0.08
332831,0.08
332833,0.23
332834,0.2
332837,0.06
332846,0.09
332860,0.14
332861,0.14
332865,0.11
332882,0.12
332897,0.12
332901,0.08
332904,0.13
332910,0.25
332911,0.07
332912,0.22
332939,0.11
332940,0.07
332952,0.11
332956,0.06
332957,0.22
332958,0.08
332961,0.15
332967,0.11
332974,0.15
332993,0.12
333007,0.08
333012,0.17
333020,0.07
333021,0.16
333035,0.1
333040,0.22
333061,0.05
333073,0.07
333078,0.1
333085,0.13
333086,0.11
333096,0.15
333100,0.12
333112,0.12
333114,0.08
333120,0.38
333142,0.08
333152,0.03
333159,0.14
333178,0.11
333179,0.07
333187,0.16
333191,0.16
333192,0.11
333199,0.08
333211,0.1
333224,0.1
333237,0.27
333238,0.15
333262,0.07
333268,0.16
333275,0.13
333289,0.23
333292,0.27
333303,0.12
333305,0.14
333312,0.1
333316,0.09
333335,0.07
333354,0.1
333356,0.04
333358,0.09
333376,0.14
333378,0.08
333380,0.12
333381,0.18
333388,0.11
333392,0.06
333406,0.32
333410,0.11
333411,0.1
333412,0.12
333428,0.12
333432,0.05
333435,0.07
333442,0.17
333452,0.09
333455,0.32
333456,0.23
333459,0.08
333464,0.29
333466,0.22
333469,0.1
333475,0.06
333476,0.05
333477,0.18
333487,0.1
333490,0.14
333497,0.34
333499,0.09
333500,0.17
333501,0.14
333503,0.11
333513,0.16
333518,0.11
333544,0.09
333546,0.2
333563,0.17
333566,0.22
333568,0.22
333570,0.12
333573,0.03
333574,0.1
333584,0.07
333589,0.11
333594,0.12
333596,0.05
333597,0.14
333615,0.09
333621,0.16
333622,0.23
333629,0.09
333651,0.19
333653,0.15
333664,0.11
333680,0.1
333687,0.17
333688,0.11
333689,0.41
333693,0.32
333695,0.14
333706,0.08
333709,0.1
333713,0.15
333734,0.09
333745,0.16
333752,0.19
333764,0.05
333780,0.11
333789,0.25
333791,0.07
333795,0.1
333799,0.2
333801,0.18
333802,0.2
333803,0.18
333810,0.07
333837,0.06
333842,0.24
333843,0.09
333845,0.05
333852,0.26
333859,0.14
333885,0.2
333896,0.15
333904,0.28
333908,0.06
333913,0.14
333927,0.18
333930,0.15
333935,0.09
333952,0.06
333953,0.14
333966,0.13
333968,0.08
333988,0.13
334013,0.06
334027,0.18
334030,0.05
334032,0.38
334033,0.12
334042,0.13
334045,0.16
334053,0.07
334055,0.09
334058,0.07
334063,0.25
334070,0.1
334074,0.09
334080,0.19
334086,0.11
334092,0.09
334099,0.17
334101,0.11
334103,0.2
334104,0.26
334109,0.26
334125,0.19
334130,0.3
334138,0.2
334161,0.12
334164,0.2
334169,0.14
334171,0.1
334185,0.15
334186,0.04
334209,0.11
334211,0.19
334230,0.1
334231,0.11
334237,0.24
334241,0.27
334244,0.25
334247,0.08
334250,0.11
334252,0.13
334273,0.1
334282,0.12
334285,0.15
334286,0.15
334292,0.1
334296,0.13
334299,0.15
334300,0.08
334305,0.12
334307,0.34
334311,0.1
334315,0.1
334343,0.15
334344,0.1
334345,0.19
334350,0.1
334353,0.1
334365,0.21
334372,0.08
334374,0.05
334375,0.18
334382,0.18
334387,0.09
334391,0.21
334397,0.03
334407,0.14
334415,0.09
334417,0.14
334419,0.1
334431,0.13
334435,0.29
334446,0.33
334447,0.28
334457,0.07
334459,0.15
334471,0.1
334474,0.11
334481,0.1
334483,0.06
334486,0.13
334490,0.12
334492,0.22
334494,0.14
334512,0.17
334522,0.04
334527,0.11
334534,0.09
334537,0.03
334539,0.19
334552,0.16
334555,0.2
334565,0.15
334580,0.1
334585,0.08
334589,0.06
334594,0.11
334600,0.1
334603,0.15
334613,0.19
334621,0.1
334628,0.09
334631,0.26
334634,0.15
334635,0.14
334659,0.09
334660,0.13
334664,0.1
334671,0.21
334693,0.16
334695,0.11
334703,0.29
334718,0.19
334728,0.29
334732,0.15
334733,0.17
334735,0.08
334748,0.18
334756,0.15
334764,0.1
334766,0.14
334787,0.13
334803,0.09
334806,0.2
334817,0.13
334825,0.06
334831,0.19
334836,0.16
334845,0.08
334857,0.13
334868,0.1
334871,0.16
334873,0.22
334881,0.19
334886,0.11
334898,0.23
334899,0.19
334901,0.05
334916,0.11
334923,0.11
334933,0.14
334938,0.25
334955,0.12
334963,0.29
334974,0.07
334986,0.18
334994,0.13
334995,0.28
335001,0.15
335005,0.18
335009,0.09
335014,0.1
335015,0.13
335017,0.21
335025,0.19
335027,0.28
335055,0.15
335058,0.06
335072,0.15
335073,0.03
335081,0.18
335091,0.08
335096,0.13
335097,0.06
335099,0.07
335113,0.19
335136,0.13
335140,0.14
335141,0.07
335143,0.21
335155,0.14
335170,0.08
335176,0.12
335181,0.19
335183,0.18
335192,0.11
335196,0.29
335198,0.1
335203,0.13
335204,0.2
335218,0.11
335222,0.07
335223,0.26
335229,0.14
335231,0.18
335236,0.19
335253,0.18
335257,0.09
335262,0.12
335263,0.07
335273,0.19
335276,0.19
335278,0.07
335295,0.08
335301,0.07
335303,0.03
335305,0.2
335310,0.21
335313,0.18
335314,0.12
335319,0.18
335321,0.11
335331,0.12
335332,0.13
335333,0.09
335337,0.13
335342,0.09
335347,0.14
335351,0.2
335356,0.05
335366,0.09
335369,0.14
335377,0.22
335388,0.15
335395,0.25
335397,0.1
335411,0.1
335419,0.05
335425,0.16
335427,0.15
335443,0.02
335446,0.1
335448,0.13
335451,0.12
335458,0.14
335459,0.12
335460,0.15
335463,0.08
335471,0.11
335477,0.07
335478,0.21
335484,0.13
335490,0.3
335495,0.23
335506,0.18
335507,0.15
335518,0.11
335533,0.11
335537,0.15
335538,0.13
335549,0.07
335553,0.1
335561,0.15
335564,0.1
335573,0.1
335577,0.13
335579,0.08
335585,0.17
335590,0.09
335594,0.08
335598,0.11
335601,0.05
335608,0.14
335616,0.19
335640,0.12
335645,0.09
335653,0.14
335683,0.11
335692,0.19
335713,0.06
335726,0.08
335727,0.22
335728,0.2
335732,0.08
335736,0.15
335747,0.08
335754,0.13
335755,0.09
335761,0.12
335775,0.08
335778,0.19
335779,0.16
335787,0.15
335805,0.06
335807,0.1
335808,0.08
335815,0.14
335818,0.09
335835,0.15
335849,0.14
335850,0.16
335851,0.25
335852,0.04
335856,0.1
335857,0.08
335863,0.19
335871,0.1
335879,0.1
335885,0.11
335887,0.22
335893,0.24
335906,0.14
335912,0.15
335921,0.09
335944,0.18
335952,0.16
335955,0.04
335956,0.07
335957,0.17
335958,0.2
335962,0.07
335963,0.09
335964,0.18
335971,0.08
335973,0.17
335975,0.21
335981,0.14
335983,0.14
336016,0.08
336038,0.17
336039,0.17
336041,0.12
336061,0.05
336063,0.08
336067,0.11
336071,0.07
336089,0.11
336095,0.1
336096,0.17
336101,0.09
336117,0.11
336118,0.12
336120,0.11
336137,0.08
336155,0.16
336156,0.3
336159,0.13
336178,0.27
336183,0.22
336194,0.03
336195,0.18
336199,0.12
336209,0.12
336213,0.11
336214,0.14
336215,0.1
336220,0.06
336253,0.11
336260,0.19
336263,0.06
336265,0.11
336273,0.07
336277,0.09
336280,0.06
336295,0.16
336308,0.06
336309,0.07
336316,0.19
336319,0.11
336321,0.09
336322,0.14
336323,0.08
336340,0.13
336344,0.11
336352,0.08
336361,0.13
336367,0.13
336382,0.1
336383,0.1
336393,0.07
336407,0.14
336413,0.07
336418,0.17
336426,0.07
336427,0.12
336436,0.13
336443,0.08
336445,0.13
336447,0.06
336451,0.13
336464,0.1
336484,0.09
336491,0.16
336492,0.09
336493,0.16
336494,0.15
336499,0.15
336524,0.13
336527,0.21
336534,0.23
336544,0.08
336553,0.15
336558,0.1
336565,0.16
336569,0.26
336580,0.12
336586,0.12
336592,0.11
336604,0.13
336610,0.09
336623,0.18
336634,0.09
336635,0.08
336641,0.08
336660,0.15
336673,0.11
336686,0.11
336693,0.09
336701,0.12
336704,0.07
336711,0.1
336715,0.19
336717,0.06
336722,0.11
336724,0.1
336741,0.23
336745,0.11
336757,0.22
336764,0.13
336767,0.17
336783,0.08
336786,0.18
336791,0.07
336792,0.2
336813,0.14
336822,0.18
336823,0.15
336832,0.1
336843,0.1
336858,0.04
336870,0.09
336876,0.07
336885,0.14
336887,0.12
336891,0.09
336903,0.08
336916,0.12
336917,0.08
336922,0.07
336925,0.16
336931,0.24
336938,0.14
336950,0.24
336955,0.1
336956,0.07
336959,0.2
336966,0.33
336971,0.14
336978,0.08
336983,0.15
336986,0.1
336996,0.21
337003,0.37
337007,0.13
337029,0.19
337034,0.1
337039,0.07
337057,0.13
337058,0.06
337062,0.14
337080,0.14
337087,0.09
337105,0.07
337108,0.11
337120,0.1
337125,0.19
337142,0.17
337159,0.12
337160,0.15
337168,0.08
337170,0.07
337171,0.15
337178,0.22
337188,0.13
337191,0.16
337200,0.08
337207,0.1
337210,0.08
337218,0.12
337221,0.13
337237,0.18
337241,0.24
337244,0.24
337273,0.14
337294,0.05
337295,0.08
337298,0.07
337310,0.07
337326,0.12
337338,0.29
337343,0.28
337360,0.06
337369,0.2
337375,0.26
337386,0.13
337388,0.18
337405,0.1
337408,0.11
337412,0.1
337416,0.09
337418,0.24
337442,0.16
337449,0.12
337457,0.06
337460,0.11
337474,0.14
337499,0.2
337506,0.16
337512,0.23
337527,0.19
337528,0.11
337530,0.04
337539,0.15
337546,0.06
337551,0.17
337569,0.05
337576,0.1
337582,0.1
337590,0.11
337599,0.09
337600,0.19
337601,0.26
337608,0.13
337614,0.29
337619,0.12
337625,0.28
337629,0.22
337635,0.16
337642,0.04
337663,0.23
337665,0.18
337668,0.08
337700,0.16
337746,0.06
337761,0.13
337779,0.15
337788,0.13
337790,0.15
337793,0.1
337802,0.2
337807,0.07
337821,0.16
337840,0.1
337846,0.15
337848,0.24
337864,0.11
337866,0.12
337868,0.08
337878,0.06
337890,0.19
337896,0.17
337901,0.08
337905,0.12
337914,0.16
337953,0.12
337969,0.04
337984,0.07
337995,0.08
338009,0.05
338018,0.08
338022,0.11
338028,0.14
338029,0.23
338044,0.09
338050,0.24
338052,0.09
338073,0.37
338076,0.05
338084,0.02
338086,0.08
338094,0.11
338097,0.17
338099,0.13
338126,0.12
338127,0.33
338137,0.25
338146,0.06
338161,0.09
338164,0.15
338174,0.08
338179,0.39
338181,0.17
338188,0.1
338189,0.11
338193,0.09
338199,0.07
338202,0.18
338204,0.23
338210,0.12
338229,0.09
338240,0.13
338250,0.13
338253,0.29
338254,0.04
338268,0.13
338290,0.07
338293,0.09
338297,0.12
338301,0.08
338306,0.11
338314,0.11
338318,0.11
338325,0.08
338340,0.27
338341,0.07
338351,0.1
338352,0.26
338368,0.1
338381,0.07
338404,0.04
338409,0.1
338417,0.07
338418,0.03
338426,0.07
338431,0.17
338435,0.07
338463,0.18
338465,0.15
338467,0.16
338479,0.25
338495,0.12
338510,0.14
338526,0.17
338528,0.12
338530,0.06
338539,0.09
338543,0.12
338554,0.03
338557,0.18
338581,0.32
338589,0.07
338595,0.08
338597,0.11
338604,0.15
338607,0.04
338613,0.08
338615,0.15
338628,0.22
338636,0.18
338642,0.07
338669,0.1
338671,0.13
338675,0.13
338676,0.19
338690,0.11
338696,0.22
338702,0.32
338703,0.1
338709,0.08
338719,0.15
338725,0.15
338727,0.16
338732,0.14
338749,0.12
338773,0.07
338774,0.11
338784,0.22
338789,0.13
338792,0.13
338804,0.12
338808,0.2
338822,0.1
338824,0.13
338833,0.07
338836,0.2
338840,0.1
338842,0.18
338843,0.14
338847,0.18
338849,0.22
338857,0.16
338860,0.22
338872,0.09
338874,0.07
338878,0.21
338895,0.15
338896,0.1
338904,0.14
338920,0.17
338931,0.11
338938,0.09
338955,0.12
338962,0.09
338969,0.23
338976,0.11
338994,0.11
339011,0.13
339014,0.07
339017,0.1
339018,0.41
339030,0.18
339038,0.09
339060,0.07
339079,0.16
339082,0.1
339099,0.06
339103,0.17
339105,0.08
339107,0.11
339121,0.22
339148,0.17
339152,0.13
339154,0.13
339170,0.14
339186,0.14
339187,0.12
339193,0.11
339196,0.16
339199,0.12
339203,0.18
339216,0.17
339228,0.15
339232,0.18
339237,0.03
339240,0.18
339242,0.15
339245,0.18
339252,0.1
339256,0.13
339258,0.12
339260,0.11
339263,0.09
339268,0.13
339269,0.24
339286,0.17
339304,0.05
339307,0.12
339317,0.14
339330,0.21
339346,0.22
339380,0.13
339381,0.12
339382,0.22
339391,0.07
339396,0.12
339406,0.12
339407,0.09
339409,0.12
339410,0.11
339425,0.11
339427,0.15
339433,0.12
339443,0.11
339449,0.11
339452,0.11
339453,0.16
339455,0.1
339457,0.13
339477,0.12
339483,0.05
339487,0.19
339490,0.12
339518,0.17
339523,0.13
339529,0.06
339541,0.17
339544,0.23
339546,0.23
339559,0.18
339563,0.11
339573,0.11
339591,0.14
339593,0.14
339599,0.08
339604,0.21
339615,0.14
339621,0.17
339625,0.28
339642,0.18
339647,0.26
339650,0.08
339656,0.11
339659,0.09
339681,0.24
339683,0.08
339684,0.18
339689,0.11
339694,0.09
339699,0.19
339718,0.34
339727,0.24
339735,0.22
339736,0.16
339745,0.08
339755,0.12
339758,0.12
339770,0.05
339772,0.1
339778,0.1
339786,0.13
339787,0.29
339788,0.19
339799,0.14
339814,0.09
339837,0.05
339842,0.12
339845,0.04
339852,0.12
339857,0.25
339864,0.19
339872,0.11
339873,0.12
339874,0.11
339875,0.11
339879,0.18
339884,0.07
339888,0.15
339891,0.21
339905,0.05
339920,0.24
339934,0.22
339938,0.15
339948,0.09
339949,0.09
339953,0.21
339954,0.11
339957,0.1
339958,0.24
339971,0.16
339975,0.22
339978,0.08
339984,0.12
339993,0.12
340009,0.09
340012,0.07
340019,0.07
340031,0.12
340041,0.17
340045,0.16
340046,0.1
340067,0.12
340079,0.1
340081,0.21
340082,0.06
340090,0.07
340091,0.11
340099,0.19
340104,0.1
340109,0.1
340123,0.21
340146,0.07
340162,0.06
340167,0.18
340181,0.09
340194,0.11
340195,0.09
340198,0.21
340202,0.31
340203,0.31
340219,0.18
340221,0.09
340224,0.12
340239,0.1
340248,0.12
340262,0.12
340264,0.15
340277,0.43
340285,0.11
340292,0.2
340356,0.16
340365,0.23
340375,0.22
340377,0.07
340378,0.26
340385,0.25
340387,0.09
340388,0.11
340405,0.11
340407,0.1
340408,0.18
340416,0.08
340420,0.06
340421,0.32
340425,0.07
340430,0.11
340448,0.05
340451,0.18
340456,0.21
340457,0.11
340459,0.14
340460,0.12
340463,0.12
340464,0.12
340486,0.08
340503,0.12
340504,0.13
340505,0.17
340507,0.14
340509,0.14
340511,0.21
340513,0.09
340516,0.25
340529,0.09
340535,0.09
340542,0.34
340545,0.17
340546,0.25
340556,0.21
340567,0.15
340576,0.23
340577,0.06
340586,0.05
340587,0.21
340594,0.12
340610,0.33
340611,0.08
340614,0.21
340625,0.05
340630,0.29
340640,0.12
340667,0.13
340674,0.14
340679,0.09
340683,0.16
340686,0.12
340698,0.13
340708,0.07
340717,0.17
340718,0.03
340720,0.08
340726,0.03
340746,0.17
340747,0.04
340768,0.14
340769,0.08
340772,0.24
340774,0.16
340778,0.16
340806,0.28
340816,0.13
340823,0.1
340826,0.14
340838,0.18
340840,0.09
340842,0.07
340844,0.12
340845,0.12
340853,0.18
340855,0.29
340857,0.17
340858,0.09
340864,0.19
340899,0.11
340901,0.06
340909,0.2
340921,0.19
340925,0.18
340953,0.14
340954,0.15
340961,0.1
340963,0.24
340975,0.14
340977,0.1
340996,0.09
341009,0.17
341013,0.05
341020,0.05
341024,0.09
341031,0.24
341038,0.17
341042,0.23
341050,0.13
341063,0.25
341066,0.11
341067,0.09
341070,0.23
341075,0.1
341089,0.11
341091,0.08
341122,0.2
341132,0.06
341135,0.17
341150,0.28
341168,0.17
341172,0.27
341182,0.1
341183,0.07
341187,0.2
341192,0.19
341194,0.16
341201,0.04
341226,0.11
341228,0.15
341231,0.14
341235,0.2
341237,0.14
341251,0.15
341278,0.12
341284,0.14
341285,0.06
341294,0.03
341296,0.13
341297,0.12
341298,0.05
341302,0.13
341304,0.08
341307,0.11
341314,0.06
341324,0.1
341332,0.32
341342,0.24
341347,0.13
341356,0.05
341358,0.07
341365,0.15
341368,0.06
341372,0.12
341374,0.2
341380,0.11
341381,0.18
341390,0.17
341398,0.09
341401,0.18
341406,0.18
341413,0.11
341419,0.07
341421,0.17
341427,0.13
341429,0.11
341434,0.14
341437,0.06
341444,0.31
341447,0.1
341452,0.11
341458,0.24
341475,0.16
341478,0.1
341495,0.1
341503,0.12
341520,0.13
341525,0.18
341544,0.07
341545,0.1
341548,0.0
341551,0.05
341552,0.09
341562,0.16
341574,0.17
341577,0.11
341585,0.21
341616,0.1
341630,0.08
341631,0.13
341640,0.21
341651,0.15
341653,0.08
341655,0.19
341659,0.11
341696,0.19
341705,0.33
341717,0.08
341720,0.14
341728,0.06
341729,0.11
341737,0.15
341758,0.07
341765,0.11
341780,0.16
341785,0.34
341787,0.15
341790,0.07
341796,0.13
341805,0.11
341811,0.12
341823,0.07
341828,0.42
341841,0.07
341865,0.12
341873,0.14
341891,0.08
341899,0.08
341906,0.07
341917,0.1
341926,0.14
341931,0.15
341934,0.14
341939,0.21
341943,0.2
341962,0.1
341967,0.21
341971,0.2
341990,0.07
341997,0.15
342001,0.15
342010,0.14
342042,0.18
342052,0.22
342084,0.28
342089,0.08
342091,0.09
342099,0.11
342109,0.04
342111,0.11
342119,0.06
342120,0.2
342125,0.16
342127,0.25
342128,0.05
342135,0.12
342136,0.1
342138,0.15
342148,0.15
342153,0.15
342154,0.14
342157,0.12
342163,0.09
342168,0.08
342173,0.27
342182,0.14
342185,0.08
342194,0.21
342198,0.1
342210,0.07
342214,0.17
342220,0.11
342222,0.13
342223,0.17
342230,0.09
342239,0.18
342247,0.18
342248,0.26
342252,0.12
342257,0.16
342271,0.24
342272,0.05
342290,0.08
342295,0.21
342297,0.07
342298,0.16
342301,0.13
342305,0.18
342308,0.07
342314,0.07
342322,0.12
342340,0.25
342350,0.06
342353,0.14
342358,0.14
342377,0.11
342378,0.08
342382,0.22
342390,0.11
342396,0.09
342439,0.24
342442,0.13
342447,0.18
342449,0.07
342450,0.13
342451,0.18
342454,0.19
342455,0.25
342467,0.08
342476,0.33
342481,0.21
342498,0.09
342503,0.14
342510,0.07
342513,0.15
342523,0.15
342527,0.27
342555,0.19
342566,0.13
342584,0.03
342593,0.14
342600,0.05
342611,0.19
342614,0.11
342637,0.13
342639,0.14
342656,0.25
342669,0.06
342684,0.29
342686,0.19
342690,0.27
342693,0.15
342701,0.31
342702,0.2
342703,0.14
342706,0.1
342711,0.11
342730,0.06
342744,0.14
342753,0.2
342769,0.08
342779,0.18
342788,0.09
342792,0.14
342794,0.16
342795,0.07
342799,0.1
342802,0.33
342803,0.21
342812,0.09
342820,0.1
342824,0.13
342835,0.17
342836,0.13
342851,0.25
342860,0.13
342862,0.31
342870,0.11
342873,0.06
342894,0.04
342916,0.1
342950,0.13
342970,0.09
342971,0.11
342980,0.08
342981,0.07
343004,0.27
343044,0.06
343045,0.23
343072,0.05
343078,0.1
343080,0.34
343085,0.1
343126,0.18
343137,0.16
343139,0.17
343144,0.11
343155,0.1
343163,0.15
343165,0.13
343190,0.09
343205,0.08
343221,0.1
343226,0.03
343233,0.14
343236,0.12
343241,0.11
343245,0.2
343256,0.12
343260,0.09
343276,0.12
343298,0.1
343299,0.12
343310,0.26
343312,0.12
343317,0.1
343319,0.1
343324,0.07
343345,0.12
343348,0.21
343354,0.14
343363,0.1
343365,0.27
343376,0.11
343380,0.19
343401,0.1
343412,0.1
343414,0.12
343415,0.18
343418,0.11
343419,0.11
343421,0.06
343423,0.08
343432,0.03
343436,0.07
343440,0.26
343458,0.1
343470,0.13
343471,0.06
343480,0.11
343484,0.09
343492,0.19
343500,0.17
343503,0.15
343522,0.14
343525,0.13
343562,0.17
343577,0.18
343580,0.11
343591,0.11
343594,0.13
343602,0.07
343611,0.1
343615,0.2
343639,0.07
343643,0.14
343645,0.07
343647,0.12
343669,0.08
343683,0.12
343702,0.38
343703,0.16
343704,0.09
343710,0.04
343724,0.25
343730,0.14
343742,0.31
343743,0.13
343745,0.08
343775,0.18
343783,0.13
343794,0.15
343795,0.09
343816,0.12
343820,0.06
343823,0.17
343836,0.09
343845,0.11
343888,0.2
343893,0.09
343898,0.21
343914,0.07
343918,0.1
343920,0.16
343928,0.03
343931,0.12
343968,0.18
343990,0.26
343991,0.06
343996,0.09
344002,0.18
344004,0.11
344008,0.18
344011,0.09
344013,0.17
344014,0.21
344015,0.16
344016,0.18
344019,0.17
344026,0.07
344027,0.1
344029,0.2
344039,0.08
344041,0.27
344042,0.09
344047,0.35
344053,0.18
344055,0.06
344060,0.06
344064,0.12
344067,0.16
344080,0.03
344083,0.13
344088,0.13
344090,0.1
344093,0.23
344099,0.11
344113,0.18
344114,0.1
344119,0.13
344121,0.15
344135,0.12
344138,0.12
344159,0.16
344172,0.09
344176,0.11
344192,0.14
344202,0.18
344219,0.1
344225,0.11
344229,0.34
344240,0.18
344241,0.2
344249,0.08
344252,0.24
344256,0.1
344260,0.13
344264,0.2
344267,0.07
344275,0.14
344283,0.1
344292,0.11
344296,0.17
344297,0.05
344299,0.05
344303,0.11
344313,0.11
344315,0.11
344317,0.18
344323,0.12
344328,0.17
344339,0.16
344343,0.06
344345,0.02
344356,0.14
344358,0.11
344359,0.28
344366,0.24
344370,0.06
344382,0.09
344383,0.1
344386,0.2
344388,0.25
344393,0.15
344395,0.18
344401,0.14
344402,0.28
344404,0.11
344422,0.03
344427,0.07
344433,0.17
344444,0.12
344454,0.07
344460,0.12
344480,0.04
344483,0.13
344488,0.14
344496,0.37
344504,0.15
344516,0.06
344524,0.12
344540,0.24
344542,0.13
344550,0.06
344558,0.05
344561,0.12
344568,0.15
344571,0.16
344621,0.04
344633,0.19
344635,0.16
344660,0.09
344662,0.11
344681,0.07
344683,0.35
344685,0.12
344716,0.21
344726,0.13
344749,0.1
344750,0.28
344752,0.09
344760,0.14
344762,0.21
344768,0.05
344770,0.13
344772,0.21
344778,0.12
344783,0.15
344793,0.05
344814,0.2
344815,0.08
344818,0.06
344819,0.08
344826,0.11
344828,0.28
344835,0.11
344864,0.07
344869,0.13
344875,0.36
344883,0.12
344885,0.05
344887,0.1
344889,0.25
344892,0.26
344895,0.17
344913,0.09
344934,0.12
344939,0.25
344947,0.26
344964,0.15
344969,0.2
344973,0.11
344977,0.25
344978,0.17
344991,0.15
345010,0.13
345011,0.11
345012,0.21
345020,0.15
345021,0.08
345042,0.1
345046,0.08
345070,0.12
345078,0.1
345085,0.13
345087,0.23
345093,0.07
345094,0.2
345097,0.11
345107,0.08
345109,0.27
345117,0.08
345118,0.07
345126,0.16
345142,0.14
345143,0.08
345149,0.16
345150,0.12
345154,0.29
345174,0.09
345184,0.14
345193,0.11
345196,0.09
345202,0.11
345207,0.15
345209,0.17
345211,0.09
345212,0.14
345213,0.11
345218,0.07
345228,0.11
345234,0.07
345251,0.1
345252,0.11
345260,0.14
345269,0.07
345275,0.17
345300,0.09
345305,0.12
345306,0.16
345310,0.07
345315,0.27
345324,0.14
345329,0.12
345359,0.18
345360,0.19
345364,0.13
345385,0.27
345387,0.06
345390,0.06
345402,0.18
345404,0.11
345405,0.06
345416,0.06
345425,0.28
345432,0.1
345437,0.48
345442,0.14
345450,0.14
345458,0.13
345467,0.24
345468,0.18
345470,0.2
345478,0.12
345479,0.18
345482,0.05
345489,0.12
345492,0.11
345499,0.08
345502,0.07
345515,0.09
345538,0.11
345542,0.18
345548,0.09
345550,0.11
345552,0.11
345557,0.03
345560,0.07
345563,0.2
345564,0.3
345580,0.07
345582,0.09
345583,0.05
345604,0.2
345622,0.1
345630,0.07
345634,0.13
345643,0.12
345646,0.05
345685,0.24
345687,0.12
345694,0.12
345717,0.13
345718,0.27
345726,0.18
345733,0.1
345738,0.14
345754,0.13
345761,0.19
345771,0.2
345778,0.07
345780,0.33
345788,0.11
345796,0.19
345800,0.28
345808,0.27
345812,0.15
345821,0.2
345822,0.14
345843,0.25
345853,0.21
345854,0.11
345857,0.08
345858,0.14
345867,0.07
345884,0.14
345892,0.1
345893,0.14
345896,0.08
345902,0.11
345906,0.13
345913,0.07
345916,0.16
345922,0.13
345923,0.33
345924,0.09
345935,0.09
345941,0.04
345948,0.09
345953,0.08
345958,0.15
345962,0.07
345966,0.18
345973,0.06
345976,0.14
345989,0.09
345999,0.09
346003,0.09
346014,0.1
346027,0.09
346036,0.29
346048,0.05
346052,0.11
346057,0.16
346058,0.17
346064,0.24
346076,0.28
346079,0.09
346081,0.12
346091,0.1
346099,0.14
346104,0.1
346111,0.07
346117,0.27
346118,0.05
346126,0.09
346135,0.13
346141,0.09
346150,0.21
346153,0.19
346155,0.11
346164,0.12
346166,0.32
346173,0.1
346179,0.06
346184,0.22
346188,0.14
346201,0.12
346207,0.15
346213,0.14
346219,0.06
346245,0.14
346271,0.23
346273,0.22
346290,0.1
346300,0.21
346314,0.09
346328,0.06
346329,0.11
346338,0.09
346340,0.08
346341,0.06
346347,0.11
346358,0.22
346362,0.12
346373,0.22
346377,0.15
346379,0.38
346384,0.13
346387,0.18
346392,0.13
346396,0.13
346402,0.22
346405,0.26
346407,0.08
346409,0.18
346414,0.17
346423,0.13
346424,0.12
346428,0.08
346443,0.2
346444,0.1
346446,0.14
346449,0.12
346456,0.09
346476,0.12
346477,0.06
346480,0.14
346492,0.11
346526,0.07
346536,0.11
346539,0.07
346543,0.12
346544,0.12
346546,0.1
346591,0.28
346598,0.13
346599,0.1
346618,0.1
346620,0.11
346623,0.15
346631,0.1
346639,0.11
346657,0.15
346661,0.38
346671,0.08
346672,0.13
346694,0.05
346712,0.28
346714,0.13
346723,0.09
346727,0.21
346729,0.08
346747,0.09
346765,0.25
346775,0.15
346784,0.2
346797,0.04
346799,0.2
346802,0.13
346807,0.17
346822,0.11
346828,0.14
346836,0.22
346838,0.09
346841,0.22
346843,0.16
346848,0.15
346850,0.17
346851,0.1
346855,0.21
346856,0.12
346860,0.17
346870,0.16
346881,0.25
346884,0.2
346887,0.09
346890,0.05
346904,0.21
346912,0.2
346914,0.22
346923,0.07
346924,0.12
346926,0.17
346934,0.14
346936,0.09
346951,0.07
346952,0.08
346970,0.09
346982,0.13
346993,0.09
347013,0.11
347018,0.08
347021,0.21
347031,0.14
347033,0.29
347039,0.13
347045,0.06
347046,0.06
347058,0.13
347071,0.28
347078,0.16
347079,0.15
347097,0.13
347101,0.13
347120,0.15
347121,0.17
347133,0.09
347161,0.09
347163,0.05
347173,0.09
347175,0.19
347181,0.08
347193,0.25
347196,0.21
347204,0.22
347205,0.18
347217,0.08
347229,0.07
347255,0.06
347261,0.17
347266,0.19
347283,0.12
347286,0.24
347302,0.05
347304,0.11
347321,0.12
347323,0.07
347331,0.13
347340,0.05
347350,0.14
347374,0.22
347379,0.17
347404,0.27
347415,0.19
347438,0.27
347439,0.13
347443,0.16
347450,0.23
347456,0.09
347458,0.18
347463,0.16
347471,0.06
347476,0.13
347482,0.13
347483,0.11
347492,0.13
347498,0.09
347499,0.09
347501,0.09
347521,0.2
347527,0.08
347531,0.07
347540,0.13
347556,0.1
347575,0.1
347579,0.05
347581,0.13
347583,0.12
347611,0.16
347614,0.21
347621,0.18
347629,0.26
347639,0.15
347642,0.09
347650,0.14
347665,0.07
347674,0.04
347678,0.12
347689,0.17
347690,0.1
347708,0.12
347712,0.27
347722,0.23
347728,0.09
347734,0.18
347736,0.3
347747,0.13
347748,0.13
347753,0.2
347755,0.21
347756,0.1
347757,0.06
347763,0.17
347770,0.3
347771,0.22
347784,0.08
347792,0.11
347793,0.14
347801,0.09
347808,0.26
347821,0.08
347824,0.11
347829,0.14
347841,0.21
347845,0.12
347846,0.3
347853,0.21
347854,0.12
347858,0.15
347859,0.09
347864,0.1
347869,0.04
347876,0.14
347880,0.13
347884,0.09
347888,0.11
347893,0.13
347900,0.09
347902,0.16
347910,0.08
347912,0.05
347915,0.07
347916,0.09
347919,0.05
347923,0.12
347952,0.45
348002,0.23
348003,0.1
348008,0.15
348014,0.07
348027,0.23
348031,0.05
348051,0.15
348060,0.15
348064,0.12
348066,0.14
348069,0.18
348077,0.11
348081,0.08
348087,0.17
348088,0.08
348094,0.2
348100,0.07
348119,0.14
348122,0.11
348141,0.19
348145,0.17
348154,0.08
348158,0.04
348163,0.28
348176,0.25
348177,0.09
348181,0.18
348190,0.24
348195,0.15
348197,0.19
348200,0.12
348209,0.1
348216,0.03
348217,0.1
348223,0.18
348228,0.11
348230,0.1
348249,0.05
348251,0.21
348261,0.2
348264,0.11
348271,0.1
348273,0.26
348280,0.17
348283,0.11
348285,0.07
348306,0.14
348312,0.14
348327,0.1
348328,0.21
348344,0.07
348358,0.3
348361,0.17
348362,0.18
348364,0.08
348370,0.09
348380,0.03
348400,0.19
348420,0.16
348428,0.12
348430,0.13
348445,0.09
348460,0.24
348462,0.08
348465,0.09
348481,0.06
348482,0.19
348485,0.07
348491,0.17
348492,0.28
348522,0.19
348531,0.15
348536,0.13
348546,0.19
348547,0.09
348548,0.13
348551,0.09
348554,0.26
348564,0.11
348571,0.2
348577,0.18
348593,0.23
348595,0.24
348606,0.1
348621,0.04
348630,0.12
348633,0.24
348644,0.1
348646,0.07
348680,0.12
348692,0.13
348698,0.21
348703,0.18
348712,0.14
348726,0.18
348727,0.03
348731,0.08
348733,0.16
348747,0.08
348753,0.07
348756,0.1
348760,0.19
348771,0.13
348785,0.12
348789,0.23
348793,0.05
348797,0.08
348799,0.09
348811,0.09
348812,0.08
348818,0.08
348822,0.07
348833,0.13
348849,0.14
348875,0.18
348878,0.05
348879,0.04
348884,0.25
348887,0.05
348890,0.17
348901,0.11
348911,0.13
348936,0.08
348941,0.12
348949,0.12
348950,0.1
348952,0.08
348954,0.08
348971,0.13
348979,0.21
348985,0.19
348989,0.1
348999,0.08
349006,0.22
349013,0.19
349015,0.09
349024,0.04
349033,0.12
349047,0.16
349060,0.1
349065,0.2
349071,0.31
349081,0.23
349088,0.26
349093,0.07
349101,0.09
349107,0.18
349113,0.1
349123,0.08
349125,0.03
349129,0.21
349131,0.1
349132,0.12
349163,0.04
349168,0.09
349172,0.12
349187,0.07
349192,0.23
349193,0.14
349203,0.13
349227,0.12
349234,0.33
349248,0.1
349249,0.19
349254,0.12
349259,0.18
349265,0.19
349276,0.09
349281,0.14
349283,0.17
349288,0.19
349297,0.15
349299,0.11
349304,0.12
349306,0.14
349310,0.26
349314,0.03
349320,0.12
349326,0.06
349329,0.13
349337,0.14
349357,0.11
349363,0.15
349374,0.07
349375,0.12
349394,0.12
349399,0.14
349404,0.1
349419,0.07
349422,0.25
349425,0.23
349432,0.09
349433,0.26
349436,0.1
349437,0.12
349439,0.18
349484,0.11
349488,0.13
349490,0.15
349538,0.19
349541,0.13
349543,0.18
349552,0.12
349560,0.15
349565,0.21
349570,0.16
349586,0.08
349589,0.19
349592,0.15
349596,0.3
349598,0.03
349601,0.1
349608,0.22
349615,0.25
349645,0.21
349654,0.17
349671,0.08
349679,0.11
349693,0.17
349706,0.16
349707,0.11
349708,0.09
349719,0.14
349727,0.26
349730,0.15
349735,0.1
349744,0.15
349745,0.05
349760,0.22
349765,0.07
349778,0.14
349787,0.13
349802,0.16
349812,0.26
349815,0.15
349847,0.15
349854,0.1
349855,0.18
349872,0.09
349873,0.13
349874,0.16
349886,0.09
349887,0.13
349911,0.06
349916,0.09
349920,0.3
349921,0.09
349929,0.07
349931,0.1
349935,0.15
349939,0.11
349960,0.09
349967,0.07
349969,0.2
349971,0.17
349977,0.09
349979,0.04
349981,0.08
349982,0.15
349992,0.08
349994,0.08
350005,0.06
350006,0.07
350009,0.13
350017,0.1
350021,0.16
350023,0.11
350032,0.25
350033,0.15
350036,0.21
350037,0.11
350048,0.3
350052,0.15
350063,0.15
350077,0.14
350078,0.14
350086,0.19
350087,0.13
350107,0.06
350110,0.11
350114,0.14
350119,0.14
350139,0.08
350154,0.09
350174,0.27
350177,0.13
350190,0.26
350193,0.13
350203,0.05
350206,0.12
350210,0.11
350225,0.14
350242,0.08
350264,0.12
350273,0.11
350277,0.11
350283,0.08
350286,0.11
350288,0.18
350290,0.06
350293,0.14
350310,0.21
350327,0.29
350330,0.14
350334,0.19
350340,0.12
350342,0.15
350344,0.16
350370,0.12
350372,0.24
350376,0.15
350387,0.07
350389,0.15
350395,0.19
350397,0.17
350433,0.1
350436,0.15
350442,0.09
350445,0.11
350446,0.12
350457,0.18
350480,0.26
350481,0.11
350484,0.12
350494,0.13
350511,0.12
350529,0.1
350531,0.14
350535,0.07
350539,0.05
350543,0.14
350544,0.12
350550,0.13
350558,0.19
350569,0.18
350571,0.11
350577,0.16
350582,0.08
350585,0.15
350596,0.11
350598,0.08
350599,0.19
350602,0.15
350612,0.11
350621,0.17
350626,0.12
350628,0.12
350638,0.07
350646,0.17
350652,0.14
350665,0.01
350671,0.12
350677,0.19
350694,0.14
350697,0.15
350699,0.15
350703,0.18
350705,0.19
350708,0.11
350724,0.18
350731,0.08
350740,0.08
350745,0.15
350749,0.1
350754,0.12
350757,0.06
350764,0.11
350766,0.25
350779,0.17
350794,0.22
350805,0.16
350810,0.07
350817,0.13
350825,0.12
350829,0.05
350832,0.12
350841,0.08
350855,0.1
350862,0.17
350867,0.2
350871,0.05
350874,0.23
350891,0.07
350895,0.12
350898,0.16
350899,0.11
350902,0.06
350913,0.14
350916,0.09
350933,0.09
350944,0.07
350954,0.2
350959,0.11
350965,0.05
350969,0.07
350984,0.09
350997,0.11
350999,0.09
351002,0.22
351008,0.1
351014,0.19
351025,0.12
351026,0.11
351046,0.23
351048,0.09
351070,0.11
351073,0.09
351079,0.23
351085,0.08
351091,0.1
351094,0.03
351115,0.11
351117,0.11
351126,0.12
351142,0.18
351151,0.07
351171,0.1
351178,0.1
351186,0.05
351194,0.25
351201,0.08
351223,0.13
351225,0.29
351226,0.13
351227,0.11
351240,0.3
351243,0.05
351244,0.2
351245,0.14
351248,0.16
351252,0.16
351259,0.15
351265,0.11
351291,0.11
351292,0.1
351294,0.1
351298,0.12
351303,0.2
351311,0.09
351326,0.1
351331,0.15
351338,0.13
351339,0.15
351364,0.08
351380,0.1
351383,0.21
351385,0.07
351386,0.14
351389,0.16
351392,0.12
351393,0.14
351407,0.14
351419,0.07
351422,0.06
351423,0.23
351430,0.14
351446,0.08
351454,0.1
351458,0.16
351461,0.14
351489,0.11
351495,0.1
351520,0.23
351526,0.14
351535,0.06
351541,0.12
351567,0.06
351580,0.12
351581,0.32
351584,0.06
351587,0.09
351589,0.12
351593,0.17
351616,0.23
351619,0.1
351625,0.12
351626,0.14
351635,0.12
351641,0.13
351655,0.1
351658,0.15
351669,0.14
351670,0.13
351671,0.13
351680,0.09
351687,0.12
351699,0.09
351722,0.14
351725,0.1
351740,0.15
351747,0.19
351758,0.14
351771,0.06
351780,0.13
351786,0.09
351789,0.14
351796,0.26
351801,0.16
351814,0.08
351817,0.13
351819,0.19
351825,0.18
351830,0.24
351831,0.25
351834,0.13
351836,0.17
351837,0.08
351838,0.15
351839,0.14
351846,0.35
351863,0.12
351864,0.12
351880,0.17
351887,0.19
351891,0.15
351892,0.17
351898,0.12
351907,0.14
351916,0.04
351936,0.15
351937,0.06
351945,0.11
351957,0.09
351958,0.08
351962,0.11
351967,0.12
351970,0.13
351973,0.1
351978,0.17
351984,0.08
351989,0.18
351992,0.08
352015,0.15
352036,0.16
352043,0.06
352049,0.11
352053,0.16
352056,0.11
352058,0.15
352064,0.11
352065,0.11
352075,0.1
352092,0.12
352096,0.08
352097,0.17
352102,0.06
352103,0.11
352117,0.06
352119,0.06
352139,0.24
352145,0.1
352158,0.15
352198,0.2
352199,0.19
352200,0.25
352205,0.21
352241,0.1
352244,0.25
352258,0.21
352260,0.06
352266,0.12
352273,0.17
352283,0.11
352303,0.22
352304,0.16
352351,0.15
352353,0.16
352379,0.08
352389,0.17
352390,0.1
352391,0.15
352403,0.07
352407,0.08
352409,0.31
352421,0.09
352425,0.1
352447,0.24
352450,0.11
352451,0.19
352457,0.08
352468,0.25
352482,0.12
352495,0.13
352501,0.15
352506,0.34
352508,0.13
352522,0.17
352528,0.15
352539,0.16
352540,0.06
352551,0.13
352560,0.08
352561,0.1
352565,0.08
352566,0.13
352584,0.12
352592,0.12
352626,0.13
352650,0.05
352655,0.08
352668,0.29
352670,0.13
352685,0.23
352690,0.08
352692,0.07
352694,0.12
352700,0.12
352701,0.18
352708,0.17
352711,0.21
352734,0.08
352738,0.08
352742,0.1
352745,0.08
352746,0.07
352751,0.05
352762,0.18
352767,0.07
352768,0.08
352785,0.16
352788,0.07
352795,0.08
352814,0.08
352825,0.11
352827,0.12
352828,0.09
352830,0.23
352850,0.14
352890,0.06
352901,0.05
352907,0.11
352909,0.16
352913,0.11
352925,0.17
352927,0.04
352928,0.22
352938,0.12
352942,0.13
352943,0.29
352952,0.12
352958,0.18
352962,0.13
352967,0.1
352972,0.08
352988,0.1
352991,0.1
353002,0.11
353008,0.19
353011,0.12
353014,0.16
353018,0.08
353023,0.07
353029,0.07
353031,0.18
353035,0.29
353037,0.25
353042,0.12
353054,0.05
353078,0.15
353122,0.21
353123,0.09
353140,0.11
353145,0.08
353167,0.23
353177,0.15
353179,0.28
353185,0.05
353194,0.13
353195,0.12
353208,0.19
353210,0.14
353214,0.16
353215,0.21
353240,0.19
353241,0.19
353247,0.09
353259,0.14
353262,0.15
353264,0.19
353278,0.12
353279,0.18
353280,0.13
353287,0.22
353288,0.09
353290,0.12
353299,0.11
353314,0.13
353328,0.19
353340,0.05
353350,0.08
353352,0.09
353364,0.12
353371,0.07
353373,0.13
353374,0.15
353389,0.12
353395,0.19
353419,0.37
353427,0.1
353441,0.1
353454,0.07
353469,0.24
353475,0.18
353481,0.06
353483,0.12
353484,0.09
353488,0.21
353496,0.09
353504,0.1
353505,0.18
353509,0.07
353527,0.16
353574,0.21
353585,0.12
353595,0.15
353598,0.11
353602,0.2
353610,0.18
353618,0.11
353625,0.11
353626,0.22
353631,0.14
353635,0.11
353654,0.14
353682,0.12
353688,0.11
353695,0.09
353711,0.18
353724,0.11
353729,0.07
353732,0.09
353749,0.27
353750,0.06
353752,0.09
353761,0.06
353782,0.07
353784,0.09
353801,0.06
353809,0.29
353812,0.16
353814,0.08
353821,0.15
353832,0.13
353845,0.13
353860,0.13
353863,0.11
353867,0.2
353876,0.15
353905,0.15
353923,0.13
353934,0.07
353943,0.11
353945,0.14
353973,0.08
353995,0.1
354001,0.15
354003,0.15
354011,0.06
354020,0.12
354024,0.2
354027,0.16
354031,0.09
354036,0.12
354037,0.07
354039,0.12
354044,0.13
354058,0.11
354071,0.07
354080,0.13
354084,0.11
354085,0.06
354089,0.06
354099,0.14
354100,0.17
354104,0.06
354106,0.14
354107,0.19
354111,0.09
354114,0.1
354115,0.11
354122,0.24
354130,0.17
354139,0.24
354140,0.17
354145,0.11
354149,0.17
354167,0.12
354173,0.23
354176,0.09
354178,0.04
354182,0.1
354184,0.05
354186,0.22
354192,0.05
354209,0.15
354214,0.08
354218,0.17
354230,0.33
354251,0.07
354257,0.17
354264,0.28
354265,0.13
354267,0.09
354272,0.07
354273,0.1
354285,0.15
354298,0.17
354309,0.07
354312,0.19
354320,0.09
354322,0.1
354327,0.12
354333,0.25
354335,0.14
354344,0.18
354355,0.08
354358,0.13
354365,0.14
354368,0.16
354377,0.04
354386,0.08
354390,0.15
354394,0.09
354398,0.14
354402,0.08
354403,0.11
354406,0.35
354414,0.15
354421,0.09
354430,0.19
354445,0.14
354470,0.05
354479,0.14
354481,0.06
354483,0.15
354497,0.13
354511,0.16
354533,0.1
354549,0.29
354561,0.24
354570,0.07
354571,0.2
354577,0.16
354586,0.13
354598,0.17
354601,0.16
354602,0.11
354603,0.2
354606,0.1
354612,0.08
354613,0.12
354616,0.19
354624,0.2
354625,0.31
354636,0.09
354639,0.23
354640,0.07
354644,0.19
354650,0.11
354666,0.2
354673,0.2
354674,0.07
354677,0.13
354684,0.11
354694,0.14
354698,0.07
354708,0.09
354709,0.06
354720,0.14
354738,0.17
354740,0.2
354757,0.05
354768,0.12
354775,0.19
354776,0.13
354792,0.08
354803,0.12
354809,0.1
354817,0.1
354818,0.08
354830,0.16
354832,0.14
354838,0.12
354839,0.2
354851,0.15
354861,0.1
354865,0.26
354890,0.13
354893,0.24
354898,0.2
354900,0.19
354910,0.21
354913,0.1
354937,0.11
354942,0.12
354953,0.13
354956,0.13
354958,0.14
354960,0.17
354984,0.16
354993,0.08
355017,0.17
355025,0.18
355026,0.07
355041,0.18
355043,0.03
355048,0.05
355057,0.09
355071,0.19
355075,0.17
355081,0.04
355083,0.2
355090,0.03
355105,0.11
355107,0.1
355108,0.17
355109,0.18
355114,0.05
355117,0.15
355127,0.06
355148,0.1
355174,0.17
355180,0.08
355181,0.13
355184,0.23
355201,0.06
355207,0.12
355209,0.11
355217,0.11
355218,0.07
355237,0.11
355239,0.03
355241,0.1
355243,0.25
355250,0.19
355275,0.05
355282,0.1
355284,0.09
355287,0.14
355293,0.13
355296,0.15
355305,0.15
355312,0.13
355320,0.28
355327,0.08
355328,0.09
355333,0.06
355335,0.04
355336,0.15
355337,0.2
355338,0.26
355341,0.04
355355,0.1
355358,0.12
355360,0.21
355372,0.15
355382,0.1
355385,0.14
355393,0.3
355404,0.09
355408,0.11
355417,0.11
355418,0.09
355431,0.12
355434,0.1
355445,0.25
355502,0.08
355503,0.17
355511,0.14
355517,0.23
355519,0.2
355524,0.18
355536,0.14
355549,0.05
355550,0.23
355560,0.2
355569,0.08
355571,0.11
355572,0.14
355575,0.18
355578,0.25
355584,0.16
355588,0.13
355592,0.21
355604,0.08
355638,0.09
355646,0.22
355649,0.08
355656,0.1
355657,0.06
355666,0.18
355681,0.15
355697,0.09
355700,0.1
355701,0.05
355703,0.14
355704,0.21
355708,0.03
355736,0.16
355743,0.15
355769,0.15
355773,0.2
355781,0.12
355785,0.26
355786,0.27
355798,0.09
355817,0.19
355819,0.07
355826,0.13
355842,0.13
355846,0.07
355855,0.13
355870,0.13
355873,0.05
355874,0.17
355876,0.19
355877,0.06
355880,0.13
355920,0.07
355922,0.19
355930,0.09
355935,0.06
355942,0.19
355963,0.06
355971,0.2
355973,0.09
355980,0.05
355981,0.12
355984,0.1
355987,0.18
355996,0.18
355997,0.15
356013,0.13
356016,0.11
356025,0.11
356027,0.1
356035,0.07
356036,0.15
356038,0.14
356041,0.07
356057,0.08
356063,0.15
356077,0.06
356080,0.13
356086,0.05
356102,0.12
356106,0.22
356118,0.07
356140,0.1
356150,0.3
356153,0.1
356159,0.09
356163,0.16
356164,0.05
356168,0.15
356169,0.15
356170,0.12
356199,0.06
356211,0.06
356220,0.11
356246,0.06
356249,0.17
356255,0.18
356258,0.09
356262,0.1
356273,0.06
356279,0.21
356281,0.15
356308,0.24
356324,0.18
356327,0.14
356328,0.12
356331,0.14
356336,0.12
356345,0.19
356382,0.13
356395,0.12
356399,0.24
356400,0.18
356413,0.13
356414,0.15
356418,0.12
356427,0.09
356433,0.08
356439,0.05
356444,0.08
356475,0.12
356480,0.17
356482,0.25
356497,0.07
356512,0.08
356517,0.27
356536,0.09
356539,0.08
356551,0.09
356556,0.12
356558,0.29
356559,0.05
356563,0.1
356578,0.18
356583,0.27
356584,0.15
356592,0.1
356594,0.07
356596,0.05
356597,0.06
356598,0.24
356602,0.15
356609,0.11
356624,0.2
356626,0.1
356627,0.13
356641,0.2
356648,0.09
356649,0.06
356650,0.1
356651,0.11
356659,0.11
356676,0.13
356687,0.22
356689,0.14
356698,0.14
356726,0.21
356732,0.17
356741,0.31
356742,0.11
356746,0.07
356750,0.14
356754,0.2
356760,0.2
356762,0.14
356763,0.12
356777,0.1
356784,0.12
356795,0.17
356801,0.12
356802,0.06
356808,0.07
356813,0.16
356816,0.23
356818,0.19
356825,0.11
356828,0.07
356836,0.09
356854,0.14
356857,0.15
356865,0.05
356873,0.15
356879,0.12
356880,0.07
356885,0.17
356889,0.07
356903,0.06
356905,0.09
356913,0.2
356916,0.07
356939,0.15
356944,0.16
356952,0.17
356958,0.1
356963,0.09
356967,0.06
356970,0.15
356977,0.06
356980,0.14
356981,0.18
356983,0.13
356998,0.27
357005,0.11
357022,0.14
357032,0.09
357033,0.18
357035,0.11
357047,0.17
357054,0.17
357057,0.15
357069,0.17
357096,0.18
357102,0.23
357118,0.13
357124,0.09
357137,0.11
357138,0.22
357149,0.09
357151,0.12
357157,0.1
357158,0.11
357162,0.07
357163,0.12
357171,0.08
357175,0.08
357192,0.1
357200,0.14
357204,0.12
357206,0.11
357215,0.19
357221,0.09
357228,0.05
357247,0.12
357249,0.1
357268,0.15
357270,0.08
357279,0.18
357287,0.07
357293,0.1
357306,0.07
357308,0.26
357321,0.08
357326,0.26
357340,0.06
357342,0.18
357352,0.12
357361,0.12
357368,0.12
357370,0.1
357377,0.21
357382,0.06
357383,0.05
357384,0.06
357398,0.14
357415,0.11
357420,0.15
357439,0.08
357440,0.16
357458,0.13
357464,0.14
357467,0.13
357469,0.22
357472,0.15
357489,0.17
357504,0.24
357522,0.16
357527,0.12
357547,0.16
357550,0.09
357558,0.12
357559,0.15
357562,0.17
357572,0.13
357583,0.27
357585,0.2
357598,0.09
357607,0.06
357613,0.1
357627,0.08
357630,0.05
357631,0.24
357680,0.09
357694,0.11
357698,0.23
357699,0.04
357707,0.16
357732,0.11
357748,0.14
357755,0.13
357767,0.25
357786,0.19
357791,0.04
357799,0.11
357824,0.09
357830,0.1
357832,0.16
357840,0.11
357863,0.17
357865,0.12
357868,0.27
357869,0.06
357878,0.1
357886,0.12
357891,0.09
357897,0.12
357915,0.27
357927,0.13
357947,0.1
357958,0.13
357959,0.1
357976,0.16
357992,0.22
357995,0.11
357996,0.06
358020,0.19
358022,0.2
358023,0.17
358029,0.06
358040,0.08
358059,0.17
358071,0.12
358076,0.15
358095,0.17
358096,0.12
358104,0.08
358110,0.12
358122,0.1
358137,0.13
358147,0.23
358149,0.12
358155,0.2
358161,0.15
358163,0.25
358172,0.17
358178,0.16
358183,0.12
358186,0.08
358189,0.12
358198,0.14
358211,0.16
358219,0.13
358220,0.11
358225,0.19
358231,0.19
358233,0.12
358247,0.23
358258,0.22
358264,0.26
358271,0.19
358273,0.15
358275,0.06
358278,0.2
358287,0.1
358309,0.12
358327,0.17
358342,0.13
358348,0.21
358352,0.02
358373,0.11
358384,0.07
358394,0.14
358405,0.29
358409,0.08
358412,0.24
358424,0.33
358427,0.11
358434,0.16
358444,0.13
358448,0.19
358449,0.08
358458,0.1
358472,0.25
358483,0.09
358490,0.08
358503,0.08
358504,0.13
358505,0.08
358512,0.2
358513,0.18
358528,0.06
358532,0.16
358536,0.21
358538,0.11
358559,0.17
358590,0.26
358601,0.19
358627,0.09
358631,0.1
358632,0.15
358640,0.22
358649,0.23
358650,0.14
358653,0.08
358676,0.06
358679,0.15
358695,0.22
358703,0.18
358705,0.03
358710,0.1
358730,0.04
358731,0.14
358735,0.2
358744,0.19
358748,0.15
358750,0.12
358752,0.11
358764,0.14
358777,0.15
358786,0.21
358789,0.18
358805,0.13
358809,0.13
358810,0.14
358824,0.14
358829,0.11
358838,0.15
358840,0.12
358841,0.15
358854,0.15
358873,0.37
358879,0.14
358884,0.14
358885,0.17
358886,0.04
358892,0.12
358895,0.11
358906,0.16
358910,0.08
358911,0.13
358924,0.22
358929,0.11
358937,0.29
358949,0.25
358955,0.14
358956,0.31
358959,0.15
358960,0.12
358969,0.04
358983,0.08
358990,0.14
358992,0.1
358994,0.08
359004,0.11
359015,0.09
359023,0.13
359030,0.11
359032,0.12
359038,0.17
359044,0.17
359049,0.14
359050,0.1
359064,0.07
359095,0.08
359100,0.34
359105,0.09
359116,0.13
359134,0.13
359136,0.06
359143,0.07
359147,0.09
359175,0.11
359182,0.13
359188,0.1
359196,0.11
359198,0.2
359202,0.11
359212,0.09
359229,0.1
359232,0.23
359247,0.11
359258,0.14
359260,0.22
359261,0.27
359262,0.25
359268,0.12
359285,0.03
359293,0.08
359294,0.08
359297,0.05
359299,0.13
359311,0.04
359319,0.1
359320,0.08
359322,0.19
359353,0.18
359355,0.14
359360,0.14
359367,0.09
359369,0.05
359372,0.08
359377,0.14
359381,0.1
359382,0.1
359387,0.09
359389,0.1
359392,0.13
359437,0.22
359438,0.09
359440,0.15
359442,0.1
359455,0.12
359474,0.12
359475,0.13
359480,0.25
359485,0.18
359493,0.1
359497,0.15
359505,0.04
359506,0.11
359516,0.12
359518,0.14
359523,0.13
359547,0.25
359548,0.16
359556,0.18
359577,0.08
359580,0.34
359588,0.15
359590,0.08
359592,0.12
359599,0.16
359609,0.2
359611,0.1
359619,0.11
359623,0.12
359654,0.1
359666,0.1
359669,0.12
359672,0.09
359673,0.4
359677,0.08
359685,0.09
359690,0.07
359697,0.2
359702,0.14
359707,0.13
359711,0.09
359719,0.11
359722,0.12
359726,0.15
359730,0.21
359731,0.18
359741,0.27
359743,0.14
359748,0.04
359753,0.11
359758,0.35
359773,0.13
359780,0.1
359785,0.12
359800,0.08
359806,0.22
359809,0.07
359822,0.14
359828,0.15
359847,0.11
359855,0.09
359858,0.14
359864,0.08
359884,0.16
359886,0.09
359898,0.19
359908,0.18
359921,0.18
359945,0.1
359958,0.03
359964,0.18
359980,0.11
359992,0.11
359994,0.18
360001,0.17
360004,0.06
360009,0.18
360020,0.1
360049,0.3
360058,0.04
360063,0.16
360064,0.1
360074,0.07
360095,0.19
360098,0.14
360099,0.07
360100,0.09
360103,0.07
360106,0.06
360107,0.14
360124,0.13
360126,0.12
360138,0.13
360140,0.19
360141,0.05
360149,0.14
360152,0.23
360165,0.16
360171,0.09
360176,0.16
360183,0.13
360186,0.04
360189,0.2
360191,0.11
360199,0.33
360204,0.05
360205,0.19
360217,0.22
360225,0.1
360231,0.11
360238,0.09
360248,0.37
360249,0.15
360254,0.18
360256,0.24
360257,0.17
360258,0.16
360277,0.17
360279,0.18
360280,0.14
360281,0.13
360283,0.11
360290,0.16
360312,0.08
360316,0.11
360320,0.07
360324,0.19
360333,0.19
360339,0.14
360347,0.12
360359,0.22
360360,0.35
360367,0.27
360372,0.06
360382,0.15
360386,0.11
360400,0.13
360411,0.11
360412,0.26
360415,0.17
360419,0.15
360421,0.05
360427,0.1
360429,0.16
360438,0.16
360439,0.09
360445,0.17
360454,0.22
360458,0.24
360467,0.11
360469,0.18
360471,0.13
360472,0.11
360475,0.18
360478,0.17
360479,0.06
360480,0.14
360484,0.18
360496,0.03
360504,0.18
360517,0.14
360518,0.22
360526,0.14
360530,0.16
360535,0.14
360538,0.14
360539,0.13
360545,0.1
360569,0.11
360579,0.18
360580,0.16
360611,0.11
360612,0.17
360626,0.06
360628,0.1
360631,0.1
360633,0.06
360640,0.09
360643,0.27
360645,0.15
360663,0.1
360666,0.11
360678,0.06
360683,0.1
360707,0.2
360715,0.1
360723,0.23
360727,0.07
360733,0.27
360746,0.1
360759,0.09
360767,0.04
360769,0.06
360770,0.06
360779,0.08
360791,0.1
360792,0.05
360801,0.21
360812,0.17
360814,0.1
360828,0.12
360830,0.28
360837,0.07
360838,0.12
360844,0.13
360860,0.08
360864,0.12
360871,0.13
360872,0.19
360877,0.21
360880,0.11
360881,0.08
360882,0.12
360884,0.08
360885,0.18
360889,0.25
360893,0.16
360898,0.09
360933,0.2
360941,0.16
360942,0.07
360943,0.08
360960,0.08
360973,0.14
360979,0.07
360987,0.12
360988,0.14
360999,0.16
361001,0.08
361005,0.21
361007,0.18
361024,0.11
361028,0.15
361051,0.05
361072,0.11
361086,0.1
361093,0.21
361098,0.13
361124,0.05
361130,0.09
361132,0.15
361133,0.08
361135,0.19
361148,0.25
361150,0.13
361152,0.09
361154,0.06
361158,0.07
361171,0.13
361175,0.08
361177,0.1
361195,0.13
361200,0.08
361203,0.26
361205,0.08
361214,0.14
361217,0.12
361226,0.16
361232,0.19
361236,0.23
361249,0.11
361251,0.15
361252,0.19
361284,0.1
361289,0.1
361297,0.15
361304,0.18
361311,0.18
361334,0.15
361339,0.1
361340,0.14
361348,0.14
361352,0.03
361354,0.13
361355,0.11
361370,0.11
361390,0.11
361392,0.13
361397,0.2
361402,0.05
361405,0.08
361406,0.19
361426,0.11
361431,0.13
361440,0.08
361451,0.13
361469,0.29
361473,0.28
361497,0.1
361511,0.03
361515,0.05
361525,0.11
361540,0.16
361557,0.11
361560,0.12
361565,0.13
361569,0.08
361570,0.1
361578,0.04
361580,0.2
361585,0.11
361589,0.12
361591,0.08
361599,0.23
361603,0.13
361605,0.09
361606,0.3
361615,0.22
361622,0.17
361627,0.08
361632,0.18
361636,0.07
361637,0.14
361638,0.14
361639,0.06
361651,0.07
361662,0.14
361684,0.11
361693,0.09
361697,0.15
361710,0.08
361713,0.21
361729,0.19
361785,0.1
361796,0.21
361805,0.16
361811,0.13
361812,0.2
361819,0.25
361828,0.05
361833,0.08
361836,0.17
361839,0.13
361855,0.09
361866,0.12
361870,0.14
361873,0.12
361885,0.2
361896,0.14
361913,0.18
361919,0.05
361932,0.24
361933,0.21
361935,0.23
361939,0.06
361946,0.04
361947,0.11
361949,0.13
361951,0.17
361962,0.18
361972,0.15
361975,0.07
361989,0.07
362004,0.09
362012,0.08
362014,0.08
362016,0.12
362028,0.08
362033,0.06
362034,0.13
362038,0.18
362052,0.12
362061,0.02
362063,0.17
362070,0.06
362072,0.09
362075,0.21
362079,0.21
362086,0.1
362091,0.24
362094,0.17
362101,0.12
362112,0.1
362115,0.24
362117,0.16
362121,0.33
362128,0.13
362130,0.02
362135,0.1
362142,0.2
362146,0.12
362149,0.19
362157,0.11
362165,0.02
362166,0.06
362167,0.1
362173,0.17
362187,0.05
362197,0.16
362206,0.17
362207,0.08
362210,0.06
362216,0.13
362219,0.27
362221,0.16
362224,0.12
362228,0.13
362236,0.11
362242,0.13
362251,0.09
362252,0.12
362257,0.17
362284,0.06
362286,0.07
362298,0.11
362300,0.18
362306,0.11
362308,0.24
362315,0.12
362318,0.11
362322,0.09
362332,0.15
362338,0.1
362341,0.24
362347,0.26
362348,0.16
362361,0.31
362365,0.15
362369,0.33
362373,0.11
362376,0.2
362384,0.12
362386,0.08
362387,0.09
362389,0.24
362393,0.1
362412,0.18
362420,0.16
362426,0.12
362432,0.06
362445,0.24
362450,0.07
362452,0.2
362465,0.23
362468,0.13
362474,0.08
362484,0.11
362487,0.23
362512,0.31
362530,0.05
362531,0.19
362552,0.19
362555,0.12
362556,0.13
362563,0.15
362572,0.11
362579,0.15
362580,0.12
362597,0.18
362635,0.06
362637,0.08
362641,0.18
362652,0.17
362657,0.16
362660,0.07
362661,0.15
362671,0.05
362675,0.17
362680,0.08
362682,0.04
362685,0.11
362697,0.09
362700,0.29
362702,0.14
362705,0.16
362707,0.12
362710,0.29
362711,0.31
362718,0.12
362723,0.09
362730,0.08
362742,0.24
362781,0.08
362789,0.27
362790,0.11
362795,0.1
362799,0.15
362800,0.13
362803,0.15
362808,0.22
362814,0.14
362820,0.09
362826,0.11
362831,0.19
362833,0.08
362839,0.14
362852,0.16
362872,0.09
362882,0.16
362885,0.13
362889,0.1
362890,0.08
362891,0.12
362900,0.06
362907,0.05
362908,0.15
362953,0.08
362967,0.18
362982,0.15
363015,0.08
363027,0.08
363035,0.07
363039,0.17
363045,0.12
363048,0.15
363057,0.29
363059,0.21
363063,0.1
363080,0.05
363082,0.32
363090,0.28
363094,0.15
363106,0.06
363114,0.31
363118,0.26
363121,0.09
363128,0.13
363136,0.1
363141,0.08
363142,0.04
363147,0.15
363151,0.1
363153,0.07
363158,0.08
363171,0.13
363174,0.2
363180,0.1
363187,0.05
363191,0.21
363192,0.03
363196,0.04
363199,0.16
363209,0.14
363210,0.24
363212,0.11
363227,0.14
363231,0.2
363232,0.13
363243,0.23
363253,0.15
363285,0.09
363299,0.17
363310,0.2
363311,0.06
363316,0.19
363322,0.3
363329,0.09
363331,0.13
363334,0.05
363339,0.12
363340,0.25
363341,0.11
363343,0.38
363347,0.14
363350,0.13
363377,0.12
363379,0.14
363382,0.05
363386,0.12
363387,0.03
363388,0.13
363391,0.03
363394,0.11
363397,0.15
363405,0.15
363422,0.1
363427,0.08
363455,0.07
363467,0.14
363493,0.25
363508,0.16
363514,0.25
363525,0.18
363530,0.2
363531,0.07
363538,0.19
363539,0.08
363542,0.26
363543,0.16
363551,0.29
363568,0.16
363576,0.2
363580,0.16
363582,0.17
363598,0.15
363601,0.13
363611,0.15
363612,0.12
363618,0.07
363623,0.14
363624,0.13
363642,0.13
363645,0.23
363651,0.37
363657,0.16
363663,0.16
363667,0.13
363687,0.11
363704,0.16
363705,0.1
363717,0.12
363725,0.11
363728,0.04
363733,0.16
363744,0.09
363745,0.1
363756,0.09
363759,0.15
363760,0.16
363762,0.06
363768,0.11
363777,0.15
363782,0.13
363785,0.06
363797,0.11
363815,0.1
363822,0.07
363834,0.2
363842,0.21
363845,0.31
363846,0.19
363849,0.09
363850,0.11
363853,0.08
363859,0.1
363860,0.11
363877,0.09
363881,0.12
363893,0.08
363902,0.21
363903,0.13
363916,0.11
363924,0.17
363940,0.14
363944,0.05
363955,0.33
363960,0.06
363984,0.19
363990,0.07
364009,0.15
364014,0.2
364035,0.07
364043,0.06
364065,0.08
364067,0.08
364068,0.17
364072,0.22
364079,0.2
364094,0.14
364096,0.11
364105,0.13
364109,0.16
364122,0.12
364141,0.09
364146,0.23
364147,0.04
364151,0.22
364152,0.06
364156,0.12
364160,0.12
364171,0.14
364183,0.05
364199,0.08
364206,0.14
364220,0.15
364222,0.14
364224,0.15
364232,0.16
364248,0.09
364251,0.09
364274,0.11
364286,0.09
364289,0.08
364290,0.07
364291,0.09
364292,0.06
364308,0.12
364310,0.06
364311,0.14
364312,0.23
364314,0.14
364337,0.12
364339,0.1
364357,0.43
364359,0.11
364371,0.09
364374,0.2
364378,0.1
364382,0.12
364397,0.07
364401,0.17
364403,0.09
364411,0.09
364413,0.15
364414,0.15
364415,0.08
364418,0.11
364428,0.09
364430,0.06
364436,0.14
364451,0.11
364457,0.23
364461,0.18
364471,0.22
364472,0.1
364481,0.41
364482,0.06
364484,0.16
364492,0.19
364494,0.12
364507,0.06
364508,0.12
364537,0.09
364538,0.09
364539,0.25
364547,0.2
364561,0.29
364586,0.2
364603,0.1
364622,0.11
364660,0.08
364662,0.15
364669,0.26
364698,0.19
364699,0.15
364700,0.06
364702,0.17
364710,0.18
364714,0.2
364731,0.14
364738,0.16
364739,0.08
364743,0.12
364762,0.24
364767,0.12
364775,0.13
364781,0.22
364783,0.07
364796,0.06
364810,0.12
364815,0.27
364823,0.09
364826,0.09
364837,0.1
364839,0.24
364844,0.09
364851,0.29
364853,0.16
364854,0.12
364858,0.12
364872,0.13
364875,0.08
364877,0.22
364878,0.11
364884,0.03
364907,0.17
364911,0.18
364916,0.11
364920,0.11
364927,0.1
364944,0.12
364948,0.15
364950,0.09
364953,0.08
364955,0.13
364959,0.08
364966,0.22
364971,0.19
364979,0.17
364980,0.07
364982,0.21
364984,0.1
364993,0.12
365001,0.15
365030,0.15
365035,0.2
365044,0.08
365046,0.15
365050,0.08
365051,0.27
365054,0.2
365055,0.05
365064,0.15
365069,0.22
365092,0.18
365102,0.1
365109,0.13
365110,0.09
365117,0.11
365120,0.07
365128,0.13
365131,0.23
365136,0.12
365151,0.17
365153,0.21
365154,0.1
365160,0.08
365166,0.08
365171,0.1
365181,0.16
365194,0.1
365210,0.15
365221,0.13
365234,0.05
365252,0.21
365254,0.26
365264,0.05
365276,0.08
365282,0.07
365284,0.12
365290,0.09
365317,0.11
365329,0.2
365353,0.09
365356,0.13
365358,0.24
365374,0.13
365392,0.17
365396,0.08
365408,0.12
365412,0.09
365429,0.04
365431,0.22
365435,0.16
365439,0.12
365473,0.11
365476,0.1
365486,0.17
365497,0.14
365518,0.23
365519,0.09
365520,0.26
365523,0.11
365531,0.12
365532,0.13
365534,0.16
365544,0.15
365552,0.1
365564,0.1
365569,0.13
365570,0.12
365575,0.33
365576,0.16
365585,0.26
365595,0.18
365612,0.1
365613,0.24
365624,0.08
365631,0.15
365634,0.1
365643,0.1
365644,0.11
365663,0.19
365666,0.18
365672,0.07
365676,0.17
365680,0.12
365696,0.14
365699,0.22
365706,0.1
365707,0.06
365711,0.14
365716,0.15
365717,0.17
365718,0.07
365757,0.18
365770,0.16
365776,0.09
365781,0.16
365784,0.13
365787,0.12
365805,0.12
365820,0.06
365831,0.15
365836,0.16
365837,0.21
365859,0.51
365861,0.08
365863,0.1
365872,0.11
365877,0.16
365882,0.12
365893,0.17
365894,0.2
365900,0.1
365910,0.1
365913,0.05
365916,0.15
365923,0.22
365946,0.28
365948,0.26
365951,0.11
365965,0.2
365966,0.12
365975,0.04
365979,0.43
365989,0.17
365991,0.36
365992,0.09
366001,0.23
366010,0.13
366013,0.22
366028,0.14
366036,0.08
366038,0.09
366044,0.08
366048,0.2
366060,0.07
366067,0.18
366071,0.17
366078,0.12
366081,0.09
366082,0.14
366093,0.23
366099,0.08
366103,0.05
366105,0.14
366111,0.25
366112,0.09
366125,0.15
366144,0.16
366147,0.17
366149,0.26
366166,0.07
366168,0.28
366173,0.28
366178,0.1
366180,0.2
366209,0.08
366213,0.18
366214,0.14
366215,0.09
366220,0.07
366226,0.1
366230,0.29
366236,0.2
366245,0.12
366282,0.18
366286,0.16
366295,0.06
366296,0.13
366297,0.23
366300,0.1
366303,0.17
366307,0.21
366314,0.1
366320,0.05
366321,0.1
366327,0.07
366330,0.1
366332,0.16
366334,0.1
366341,0.1
366363,0.18
366367,0.18
366369,0.28
366382,0.06
366394,0.16
366396,0.07
366398,0.16
366406,0.22
366414,0.07
366417,0.12
366419,0.15
366422,0.08
366436,0.06
366442,0.26
366451,0.12
366455,0.1
366458,0.1
366460,0.08
366466,0.13
366473,0.17
366502,0.13
366505,0.24
366526,0.18
366530,0.27
366532,0.1
366539,0.05
366541,0.14
366542,0.11
366553,0.09
366571,0.07
366582,0.09
366583,0.16
366589,0.22
366595,0.21
366606,0.05
366611,0.17
366613,0.2
366615,0.16
366616,0.17
366624,0.22
366632,0.12
366649,0.05
366650,0.18
366657,0.11
366664,0.11
366666,0.16
366674,0.17
366676,0.11
366677,0.16
366688,0.12
366689,0.13
366693,0.12
366696,0.11
366698,0.14
366700,0.13
366703,0.3
366709,0.11
366711,0.05
366725,0.09
366741,0.11
366742,0.06
366747,0.04
366750,0.1
366754,0.24
366762,0.09
366774,0.09
366781,0.18
366784,0.11
366789,0.05
366790,0.16
366797,0.14
366806,0.13
366820,0.01
366845,0.19
366858,0.1
366860,0.13
366874,0.09
366876,0.12
366879,0.15
366884,0.15
366886,0.14
366905,0.24
366908,0.15
366909,0.28
366917,0.1
366921,0.14
366927,0.13
366936,0.17
366952,0.15
366962,0.18
366964,0.08
366965,0.11
366981,0.03
366988,0.1
366992,0.1
366998,0.24
366999,0.12
367017,0.05
367023,0.12
367024,0.13
367025,0.23
367037,0.07
367040,0.11
367043,0.11
367052,0.18
367056,0.07
367064,0.18
367075,0.18
367089,0.17
367098,0.13
367119,0.12
367124,0.14
367134,0.22
367136,0.19
367138,0.09
367153,0.15
367158,0.17
367169,0.13
367179,0.2
367180,0.08
367212,0.06
367216,0.34
367217,0.11
367220,0.08
367224,0.1
367241,0.21
367245,0.15
367256,0.19
367266,0.11
367283,0.08
367290,0.14
367295,0.12
367310,0.1
367315,0.28
367322,0.16
367332,0.09
367338,0.16
367347,0.18
367381,0.2
367383,0.17
367386,0.1
367392,0.05
367399,0.27
367411,0.07
367414,0.08
367436,0.13
367439,0.11
367440,0.17
367465,0.15
367466,0.25
367478,0.15
367479,0.29
367481,0.1
367505,0.08
367515,0.14
367516,0.27
367526,0.18
367527,0.14
367533,0.16
367535,0.13
367545,0.17
367546,0.1
367547,0.07
367555,0.11
367557,0.15
367558,0.17
367573,0.08
367580,0.16
367581,0.03
367582,0.06
367588,0.16
367601,0.15
367617,0.14
367624,0.18
367626,0.14
367632,0.1
367651,0.05
367663,0.05
367674,0.11
367677,0.36
367678,0.09
367691,0.1
367698,0.14
367710,0.12
367712,0.16
367727,0.18
367739,0.17
367740,0.12
367746,0.08
367759,0.11
367770,0.28
367780,0.08
367783,0.19
367787,0.09
367791,0.29
367797,0.12
367799,0.19
367811,0.07
367817,0.09
367827,0.08
367829,0.19
367830,0.22
367837,0.09
367843,0.13
367847,0.09
367849,0.15
367854,0.13
367855,0.11
367862,0.06
367863,0.11
367868,0.11
367873,0.23
367879,0.09
367889,0.23
367890,0.19
367892,0.04
367893,0.1
367895,0.14
367896,0.06
367898,0.06
367903,0.04
367906,0.19
367919,0.05
367927,0.04
367931,0.18
367935,0.16
367945,0.1
367947,0.26
367952,0.09
367958,0.19
367971,0.11
367975,0.2
367983,0.22
367994,0.1
367998,0.13
367999,0.07
368005,0.2
368029,0.2
368034,0.11
368036,0.14
368041,0.12
368064,0.05
368066,0.15
368079,0.21
368082,0.15
368090,0.19
368092,0.21
368097,0.07
368107,0.23
368127,0.07
368129,0.12
368134,0.13
368150,0.19
368166,0.19
368172,0.03
368179,0.1
368185,0.25
368193,0.09
368207,0.15
368251,0.08
368253,0.09
368256,0.11
368257,0.11
368263,0.16
368271,0.16
368273,0.13
368279,0.14
368281,0.15
368282,0.29
368288,0.18
368303,0.14
368315,0.21
368323,0.03
368324,0.11
368326,0.1
368334,0.09
368337,0.15
368351,0.12
368353,0.25
368358,0.18
368389,0.15
368392,0.24
368393,0.16
368415,0.17
368424,0.19
368436,0.08
368448,0.06
368456,0.09
368457,0.1
368465,0.09
368484,0.13
368485,0.26
368487,0.17
368489,0.14
368493,0.15
368509,0.12
368513,0.16
368523,0.26
368530,0.08
368539,0.11
368543,0.27
368544,0.06
368557,0.11
368561,0.12
368577,0.2
368579,0.1
368580,0.14
368583,0.09
368589,0.09
368594,0.06
368598,0.09
368621,0.12
368622,0.12
368627,0.06
368628,0.16
368633,0.23
368638,0.19
368645,0.15
368646,0.27
368652,0.11
368659,0.14
368672,0.19
368679,0.14
368683,0.26
368697,0.09
368702,0.2
368707,0.12
368715,0.24
368740,0.06
368754,0.09
368765,0.07
368770,0.17
368777,0.26
368780,0.11
368782,0.22
368784,0.2
368790,0.13
368792,0.1
368793,0.07
368811,0.07
368816,0.23
368819,0.18
368843,0.07
368853,0.08
368857,0.14
368858,0.16
368887,0.07
368898,0.08
368909,0.16
368919,0.04
368930,0.1
368944,0.11
368949,0.12
368953,0.11
368956,0.14
368959,0.15
368968,0.13
368971,0.08
368974,0.1
368975,0.14
368983,0.04
368991,0.08
368994,0.1
369001,0.1
369004,0.21
369016,0.09
369030,0.16
369047,0.12
369055,0.15
369067,0.06
369068,0.2
369096,0.12
369103,0.12
369105,0.18
369107,0.16
369109,0.09
369130,0.11
369133,0.12
369144,0.12
369150,0.16
369152,0.13
369156,0.04
369180,0.16
369183,0.13
369184,0.3
369186,0.15
369187,0.13
369200,0.03
369201,0.09
369220,0.13
369223,0.12
369233,0.05
369240,0.19
369254,0.11
369264,0.12
369266,0.12
369272,0.18
369283,0.15
369295,0.19
369300,0.05
369302,0.07
369305,0.05
369322,0.06
369334,0.19
369350,0.04
369355,0.12
369361,0.12
369367,0.1
369371,0.1
369373,0.07
369375,0.13
369385,0.05
369394,0.14
369398,0.11
369408,0.14
369413,0.23
369419,0.16
369424,0.17
369439,0.11
369466,0.24
369482,0.14
369494,0.12
369504,0.07
369512,0.07
369528,0.17
369531,0.15
369540,0.15
369547,0.03
369565,0.08
369569,0.15
369581,0.17
369583,0.23
369593,0.13
369601,0.12
369608,0.07
369612,0.31
369615,0.07
369621,0.26
369636,0.09
369648,0.22
369649,0.27
369651,0.04
369659,0.07
369666,0.07
369684,0.08
369686,0.21
369698,0.17
369701,0.08
369712,0.11
369717,0.08
369722,0.19
369732,0.32
369740,0.29
369751,0.09
369755,0.1
369757,0.1
369761,0.15
369767,0.15
369782,0.21
369788,0.05
369790,0.11
369791,0.07
369792,0.1
369803,0.07
369812,0.1
369813,0.25
369827,0.14
369835,0.1
369838,0.13
369839,0.06
369843,0.13
369846,0.14
369860,0.08
369870,0.12
369871,0.32
369872,0.07
369884,0.11
369893,0.16
369901,0.02
369904,0.15
369908,0.29
369910,0.14
369911,0.12
369919,0.13
369920,0.18
369921,0.09
369931,0.24
369935,0.09
369936,0.14
369948,0.17
369953,0.12
369955,0.13
369961,0.17
369964,0.08
369967,0.17
369971,0.25
369983,0.14
369993,0.16
369995,0.15
370012,0.08
370022,0.11
370023,0.1
370027,0.07
370030,0.14
370033,0.27
370037,0.15
370051,0.06
370055,0.09
370077,0.19
370088,0.12
370091,0.06
370114,0.18
370117,0.26
370120,0.33
370122,0.08
370128,0.15
370135,0.13
370144,0.1
370146,0.22
370148,0.08
370150,0.15
370155,0.07
370164,0.04
370179,0.06
370188,0.19
370190,0.08
370199,0.05
370203,0.23
370213,0.11
370216,0.04
370219,0.1
370220,0.23
370224,0.07
370230,0.25
370254,0.18
370255,0.05
370265,0.17
370273,0.11
370288,0.11
370295,0.17
370297,0.15
370319,0.17
370323,0.09
370329,0.11
370330,0.14
370333,0.16
370346,0.05
370354,0.16
370355,0.09
370358,0.22
370362,0.05
370373,0.08
370376,0.05
370379,0.06
370380,0.12
370386,0.1
370392,0.19
370411,0.11
370416,0.08
370432,0.03
370439,0.07
370440,0.09
370445,0.09
370446,0.09
370455,0.13
370473,0.12
370474,0.07
370475,0.06
370482,0.23
370489,0.15
370512,0.13
370518,0.17
370522,0.19
370533,0.11
370538,0.17
370551,0.03
370552,0.12
370556,0.2
370566,0.1
370568,0.15
370573,0.11
370575,0.17
370578,0.11
370582,0.14
370596,0.13
370597,0.06
370599,0.1
370602,0.13
370609,0.13
370632,0.15
370634,0.23
370646,0.21
370666,0.22
370670,0.06
370672,0.13
370675,0.09
370676,0.18
370682,0.07
370685,0.15
370697,0.1
370699,0.09
370701,0.2
370711,0.2
370719,0.17
370728,0.17
370731,0.1
370735,0.11
370749,0.17
370753,0.12
370757,0.09
370763,0.14
370770,0.21
370779,0.12
370794,0.17
370805,0.07
370806,0.14
370808,0.11
370814,0.12
370827,0.18
370833,0.17
370844,0.09
370845,0.08
370850,0.14
370853,0.05
370856,0.17
370858,0.18
370862,0.16
370866,0.17
370874,0.15
370876,0.12
370878,0.17
370881,0.14
370882,0.16
370884,0.22
370887,0.1
370904,0.17
370905,0.14
370913,0.09
370915,0.1
370921,0.15
370922,0.1
370932,0.16
370939,0.16
370953,0.08
370964,0.14
370968,0.08
370969,0.09
370972,0.09
370978,0.1
371000,0.12
371001,0.15
371013,0.15
371053,0.1
371059,0.11
371060,0.17
371065,0.1
371069,0.08
371073,0.17
371084,0.24
371085,0.11
371088,0.22
371099,0.09
371115,0.06
371118,0.28
371127,0.28
371132,0.23
371136,0.12
371139,0.11
371152,0.13
371161,0.17
371162,0.13
371174,0.13
371176,0.12
371182,0.05
371185,0.08
371193,0.1
371197,0.13
371198,0.09
371202,0.18
371207,0.14
371211,0.27
371242,0.06
371243,0.14
371244,0.15
371255,0.17
371258,0.1
371259,0.2
371265,0.16
371274,0.06
371275,0.17
371288,0.13
371291,0.2
371295,0.19
371314,0.12
371322,0.23
371323,0.09
371328,0.16
371332,0.13
371333,0.24
371335,0.06
371342,0.14
371350,0.08
371357,0.13
371365,0.04
371383,0.25
371384,0.14
371385,0.15
371393,0.11
371394,0.2
371397,0.03
371417,0.16
371431,0.09
371433,0.08
371437,0.06
371439,0.31
371445,0.08
371452,0.2
371457,0.04
371469,0.08
371470,0.16
371477,0.08
371500,0.07
371504,0.13
371508,0.15
371514,0.13
371518,0.14
371520,0.24
371521,0.14
371522,0.07
371525,0.12
371530,0.11
371532,0.07
371548,0.21
371561,0.12
371566,0.23
371568,0.07
371571,0.08
371573,0.09
371577,0.19
371587,0.3
371592,0.15
371593,0.25
371595,0.12
371603,0.12
371614,0.12
371616,0.18
371619,0.09
371627,0.34
371641,0.14
371657,0.17
371664,0.08
371693,0.09
371698,0.08
371700,0.06
371707,0.08
371710,0.13
371715,0.2
371722,0.09
371731,0.08
371741,0.13
371744,0.16
371753,0.08
371755,0.11
371760,0.14
371773,0.09
371797,0.1
371807,0.15
371809,0.14
371811,0.04
371815,0.12
371822,0.18
371824,0.24
371828,0.07
371835,0.15
371837,0.14
371840,0.2
371849,0.21
371857,0.08
371860,0.14
371862,0.1
371875,0.12
371896,0.2
371898,0.16
371901,0.19
371903,0.11
371908,0.1
371910,0.09
371944,0.19
371947,0.07
371955,0.12
371963,0.11
371972,0.15
371973,0.07
371978,0.1
371980,0.1
371988,0.14
372020,0.14
372043,0.19
372060,0.09
372070,0.08
372082,0.03
372085,0.14
372090,0.13
372091,0.18
372112,0.05
372115,0.17
372132,0.1
372134,0.3
372136,0.11
372142,0.06
372145,0.1
372146,0.29
372159,0.11
372172,0.14
372179,0.31
372183,0.05
372184,0.06
372192,0.05
372234,0.12
372239,0.15
372244,0.04
372268,0.23
372287,0.14
372289,0.13
372292,0.08
372301,0.08
372315,0.1
372316,0.17
372328,0.25
372337,0.04
372347,0.22
372350,0.24
372381,0.1
372382,0.12
372384,0.17
372393,0.14
372398,0.23
372399,0.13
372400,0.17
372402,0.07
372410,0.14
372415,0.15
372425,0.06
372428,0.12
372430,0.11
372431,0.18
372449,0.05
372452,0.09
372453,0.08
372460,0.17
372463,0.37
372471,0.22
372484,0.12
372486,0.15
372489,0.15
372506,0.12
372513,0.21
372527,0.25
372568,0.17
372596,0.12
372606,0.13
372617,0.08
372618,0.11
372622,0.13
372624,0.13
372633,0.14
372637,0.12
372643,0.16
372644,0.12
372656,0.23
372662,0.14
372664,0.08
372666,0.07
372672,0.14
372674,0.24
372693,0.12
372704,0.11
372719,0.09
372727,0.12
372740,0.09
372745,0.1
372753,0.2
372762,0.08
372764,0.14
372771,0.19
372772,0.13
372789,0.15
372793,0.19
372799,0.06
372806,0.26
372809,0.14
372829,0.13
372848,0.08
372850,0.1
372853,0.16
372854,0.1
372858,0.12
372861,0.14
372863,0.11
372876,0.24
372878,0.07
372893,0.18
372894,0.11
372911,0.09
372912,0.2
372924,0.23
372942,0.19
372946,0.2
372955,0.07
372956,0.17
372957,0.11
372984,0.11
372993,0.17
372995,0.25
372997,0.12
373014,0.11
373018,0.21
373022,0.15
373023,0.06
373029,0.08
373063,0.09
373071,0.21
373075,0.16
373088,0.07
373089,0.14
373098,0.08
373101,0.27
373112,0.07
373114,0.09
373118,0.24
373120,0.28
373121,0.17
373122,0.05
373138,0.2
373145,0.08
373153,0.07
373154,0.22
373155,0.05
373159,0.13
373167,0.11
373190,0.08
373195,0.21
373202,0.12
373205,0.09
373209,0.1
373215,0.21
373222,0.19
373239,0.05
373240,0.22
373247,0.17
373251,0.1
373260,0.07
373284,0.09
373286,0.05
373292,0.25
373297,0.06
373299,0.15
373305,0.18
373307,0.13
373323,0.12
373327,0.09
373328,0.12
373363,0.13
373390,0.03
373396,0.06
373407,0.23
373413,0.19
373437,0.21
373445,0.06
373448,0.12
373458,0.12
373464,0.14
373472,0.33
373474,0.1
373475,0.06
373480,0.09
373484,0.19
373491,0.15
373493,0.18
373504,0.06
373537,0.11
373542,0.15
373545,0.18
373554,0.19
373559,0.24
373560,0.21
373562,0.13
373565,0.22
373573,0.12
373577,0.24
373591,0.18
373592,0.15
373596,0.12
373598,0.16
373600,0.14
373605,0.07
373607,0.12
373616,0.16
373618,0.12
373624,0.14
373630,0.17
373631,0.17
373634,0.2
373646,0.13
373651,0.14
373669,0.26
373682,0.16
373716,0.16
373751,0.16
373756,0.29
373757,0.16
373767,0.08
373778,0.15
373780,0.13
373781,0.12
373796,0.12
373801,0.11
373805,0.18
373811,0.12
373815,0.06
373820,0.15
373833,0.08
373839,0.13
373841,0.05
373871,0.07
373875,0.28
373893,0.08
373894,0.18
373898,0.11
373899,0.28
373908,0.33
373909,0.12
373911,0.1
373918,0.18
373927,0.11
373938,0.12
373943,0.17
373946,0.1
373948,0.17
373953,0.21
373956,0.26
373984,0.1
373985,0.12
373986,0.13
374002,0.06
374014,0.09
374015,0.07
374024,0.05
374029,0.18
374034,0.14
374039,0.06
374042,0.17
374048,0.13
374051,0.14
374054,0.06
374055,0.18
374061,0.15
374075,0.14
374087,0.09
374101,0.21
374103,0.19
374114,0.36
374116,0.14
374119,0.13
374121,0.25
374133,0.09
374134,0.01
374140,0.1
374141,0.12
374145,0.15
374155,0.04
374163,0.25
374169,0.19
374173,0.16
374188,0.16
374199,0.09
374200,0.15
374207,0.15
374225,0.11
374226,0.03
374227,0.22
374249,0.14
374254,0.15
374284,0.06
374293,0.12
374296,0.13
374297,0.15
374298,0.13
374307,0.11
374320,0.08
374322,0.16
374324,0.18
374328,0.2
374334,0.16
374341,0.13
374343,0.18
374346,0.1
374359,0.2
374374,0.2
374381,0.16
374400,0.02
374405,0.25
374409,0.14
374420,0.25
374442,0.16
374443,0.12
374445,0.19
374447,0.19
374452,0.11
374458,0.1
374485,0.13
374487,0.1
374496,0.09
374503,0.18
374518,0.08
374519,0.06
374532,0.1
374534,0.07
374536,0.05
374546,0.11
374559,0.1
374568,0.14
374573,0.2
374582,0.04
374585,0.06
374598,0.21
374606,0.05
374612,0.06
374617,0.12
374619,0.09
374626,0.08
374646,0.08
374653,0.17
374656,0.08
374664,0.12
374666,0.12
374677,0.08
374679,0.2
374682,0.11
374700,0.23
374703,0.13
374705,0.23
374720,0.22
374724,0.19
374731,0.08
374732,0.26
374734,0.11
374759,0.14
374770,0.16
374774,0.13
374777,0.26
374788,0.11
374796,0.29
374799,0.09
374813,0.19
374819,0.09
374826,0.18
374827,0.12
374832,0.19
374837,0.08
374844,0.3
374848,0.19
374853,0.16
374854,0.08
374856,0.12
374864,0.19
374868,0.13
374888,0.06
374891,0.08
374892,0.06
374896,0.14
374909,0.12
374911,0.11
374912,0.1
374913,0.27
374916,0.09
374917,0.08
374923,0.18
374933,0.32
374935,0.13
374940,0.06
374941,0.11
374943,0.07
374951,0.2
374967,0.28
374970,0.18
374990,0.25
374993,0.17
374994,0.26
375015,0.14
375017,0.16
375018,0.13
375021,0.11
375023,0.1
375030,0.2
375038,0.18
375040,0.2
375041,0.2
375052,0.1
375061,0.29
375064,0.12
375076,0.16
375086,0.22
375109,0.1
375118,0.25
375133,0.17
375140,0.26
375156,0.11
375168,0.09
375170,0.18
375182,0.13
375187,0.2
375188,0.2
375197,0.15
375201,0.1
375204,0.12
375216,0.3
375225,0.09
375231,0.12
375234,0.05
375241,0.08
375242,0.27
375244,0.05
375246,0.13
375257,0.06
375290,0.19
375292,0.09
375293,0.16
375295,0.2
375296,0.03
375300,0.15
375322,0.13
375332,0.21
375338,0.15
375342,0.07
375365,0.08
375367,0.12
375384,0.1
375418,0.09
375464,0.18
375477,0.13
375485,0.06
375496,0.09
375534,0.14
375544,0.11
375556,0.11
375588,0.16
375589,0.07
375594,0.15
375629,0.18
375649,0.15
375654,0.22
375696,0.11
375758,0.09
375795,0.27
375843,0.04
375844,0.15
375853,0.13
375878,0.11
375879,0.18
375883,0.12
375887,0.21
375929,0.21
375934,0.16
375936,0.22
375937,0.12
375948,0.09
375951,0.1
375953,0.15
375964,0.22
375969,0.06
375970,0.07
375973,0.37
375976,0.16
375997,0.08
376000,0.14
376011,0.07
376019,0.08
376035,0.19
376036,0.09
376041,0.23
376042,0.11
376045,0.09
376047,0.15
376060,0.03
376061,0.18
376067,0.24
376068,0.12
376070,0.07
376074,0.09
376075,0.11
376076,0.12
376078,0.09
376080,0.12
376081,0.07
376082,0.04
376083,0.3
376084,0.09
376086,0.13
376087,0.02
376088,0.09
376089,0.24
376090,0.13
376091,0.13
376092,0.09
376093,0.16
376094,0.24
376095,0.2
376096,0.36
376097,0.17
376098,0.3
376206,0.05
376209,0.26
376225,0.09
376239,0.1
376247,0.05
376248,0.08
376252,0.12
376257,0.13
376273,0.05
376274,0.12
376275,0.11
376279,0.13
376283,0.09
376284,0.09
376288,0.08
376289,0.07
376292,0.09
376298,0.14
376301,0.08
376311,0.07
376312,0.14
376313,0.19
376316,0.1
376317,0.18
376319,0.09
376320,0.38
376321,0.06
376322,0.09
376325,0.21
376326,0.24
376328,0.17
376329,0.12
376330,0.04
376332,0.16
376334,0.14
376335,0.14
376336,0.17
376337,0.14
376338,0.19
376339,0.14
376340,0.14
376341,0.17
376343,0.1
376344,0.12
376345,0.09
376346,0.14
376347,0.22
376348,0.15
376349,0.32
376350,0.11
376351,0.12
376352,0.06
376353,0.1
376354,0.12
376355,0.04
376356,0.15
376357,0.07
376360,0.13
376445,0.21
376447,0.1
376449,0.2
376470,0.1
376483,0.15
376484,0.14
376486,0.12
376487,0.06
376488,0.1
376491,0.11
376492,0.12
376494,0.18
376495,0.32
376496,0.13
376497,0.21
376498,0.08
376502,0.05
376503,0.17
376504,0.15
376506,0.14
376509,0.14
376515,0.04
376517,0.13
376518,0.23
376519,0.23
376520,0.04
376521,0.09
376522,0.17
376523,0.07
376524,0.07
376527,0.2
376530,0.08
376531,0.16
376532,0.14
376533,0.19
376534,0.12
376535,0.13
376537,0.14
376538,0.08
376539,0.09
376546,0.21
376594,0.04
376595,0.21
376614,0.12
376616,0.1
376617,0.12
376618,0.2
376619,0.16
376620,0.07
376627,0.1
376630,0.09
376631,0.17
376632,0.09
376633,0.11
376635,0.16
376636,0.18
376637,0.07
376639,0.22
376640,0.13
376642,0.13
376643,0.1
376644,0.08
376645,0.05
376646,0.22
376648,0.21
376650,0.04
376651,0.11
376652,0.25
376732,0.06
376733,0.11
376734,0.16
376756,0.16
376804,0.09
376856,0.31
376869,0.08
376893,0.1
377045,0.1
377088,0.1
377137,0.12
377138,0.08
377159,0.1
377176,0.16
377201,0.13
377226,0.19
377335,0.03
377358,0.18
377362,0.1
377363,0.09
377389,0.17
377426,0.15
377427,0.09
377429,0.15
377441,0.15
377449,0.13
377450,0.25
377458,0.15
377472,0.18
377541,0.32
377567,0.08
377573,0.12
377605,0.16
377611,0.19
377622,0.08
377631,0.07
377657,0.1
377681,0.14
377711,0.11
377717,0.3
377720,0.16
377721,0.18
377723,0.09
377727,0.11
377729,0.15
377733,0.06
377735,0.14
377736,0.06
377737,0.11
377738,0.24
377750,0.25
377751,0.08
377753,0.08
377754,0.16
377755,0.17
377756,0.15
377757,0.28
377758,0.12
377759,0.12
377760,0.08
377761,0.19
377762,0.17
377763,0.1
377764,0.12
377765,0.15
377766,0.18
377767,0.07
377768,0.11
377771,0.17
377772,0.05
377773,0.14
377774,0.17
377775,0.09
377776,0.11
377778,0.1
377779,0.1
377780,0.03
377781,0.09
377782,0.15
377783,0.08
377784,0.07
377785,0.15
377786,0.14
377862,0.23
377871,0.1
377930,0.08
377970,0.12
377987,0.08
377988,0.14
377990,0.12
377992,0.23
377995,0.07
378005,0.09
378006,0.06
378011,0.13
378018,0.15
378019,0.11
378023,0.23
378025,0.09
378026,0.16
378027,0.05
378031,0.04
378033,0.11
378034,0.12
378035,0.09
378040,0.22
378041,0.16
378042,0.06
378043,0.24
378044,0.13
378045,0.23
378046,0.06
378047,0.15
378048,0.15
378049,0.11
378051,0.15
378052,0.11
378053,0.08
378054,0.18
378055,0.09
378056,0.09
378057,0.16
378059,0.15
378060,0.08
378061,0.26
378062,0.14
378063,0.09
378065,0.15
378066,0.2
378067,0.13
378068,0.06
378069,0.17
378070,0.19
378096,0.11
378098,0.13
378104,0.14
378105,0.15
378106,0.15
378107,0.11
378108,0.06
378109,0.16
378110,0.1
378111,0.09
378112,0.13
378113,0.17
378114,0.16
378115,0.13
378116,0.24
378117,0.21
378119,0.02
378120,0.1
378121,0.28
378122,0.07
378123,0.17
378124,0.15
378136,0.06
378181,0.1
378184,0.1
378190,0.18
378263,0.14
378300,0.1
378304,0.38
378305,0.16
378311,0.12
378313,0.12
378314,0.19
378317,0.07
378320,0.14
378322,0.11
378325,0.21
378327,0.19
378328,0.18
378329,0.07
378330,0.1
378331,0.06
378334,0.11
378335,0.12
378336,0.1
378339,0.09
378340,0.22
378341,0.18
378342,0.18
378343,0.08
378344,0.11
378345,0.28
378346,0.08
378347,0.34
378348,0.14
378349,0.23
378350,0.16
378351,0.1
378352,0.09
378353,0.08
378354,0.23
378355,0.2
378356,0.19
378427,0.1
378434,0.19
378564,0.07
378671,0.27
378689,0.1
378710,0.24
378755,0.13
378887,0.1
378907,0.18
378924,0.09
378944,0.16
378945,0.12
378991,0.08
379009,0.14
379025,0.13
379046,0.11
379047,0.14
379048,0.1
379052,0.15
379065,0.06
379066,0.14
379076,0.05
379080,0.19
379085,0.25
379086,0.1
379087,0.12
379089,0.11
379094,0.08
379095,0.13
379101,0.13
379102,0.1
379103,0.11
379105,0.13
379108,0.09
379111,0.17
379112,0.07
379113,0.24
379114,0.09
379115,0.05
379116,0.18
379117,0.22
379118,0.14
379119,0.36
379120,0.16
379121,0.09
379123,0.13
379124,0.12
379126,0.2
379127,0.05
379128,0.1
379129,0.08
379131,0.22
379132,0.21
379133,0.14
379134,0.18
379178,0.14
379266,0.12
379268,0.1
379291,0.15
379296,0.13
379301,0.17
379313,0.13
379318,0.17
379319,0.13
379329,0.1
379336,0.27
379348,0.12
379356,0.08
379357,0.19
379363,0.25
379385,0.24
379408,0.08
379432,0.21
379437,0.16
379440,0.09
379456,0.11
379457,0.19
379463,0.21
379464,0.15
379467,0.28
379469,0.26
379470,0.07
379472,0.3
379473,0.07
379474,0.05
379475,0.06
379476,0.11
379481,0.21
379482,0.09
379483,0.13
379484,0.14
379485,0.46
379486,0.21
379487,0.06
379488,0.09
379490,0.16
379491,0.09
379492,0.18
379494,0.09
379495,0.06
379496,0.05
379497,0.08
379500,0.2
379501,0.17
379502,0.12
379503,0.1
379504,0.11
379505,0.12
379506,0.11
379507,0.06
379508,0.08
379509,0.23
379510,0.11
379512,0.07
379513,0.09
379514,0.41
379515,0.18
379516,0.1
379517,0.19
379518,0.17
379520,0.17
379627,0.09
379673,0.15
379674,0.08
379720,0.14
379726,0.21
379730,0.1
379746,0.16
379775,0.14
379776,0.05
379778,0.28
379841,0.06
379921,0.11
379951,0.14
380002,0.29
380003,0.27
380005,0.07
380006,0.14
380010,0.1
380012,0.13
380014,0.12
380015,0.33
380017,0.1
380018,0.18
380019,0.07
380020,0.06
380022,0.05
380023,0.13
380025,0.24
380026,0.18
380028,0.11
380030,0.16
380031,0.11
380032,0.05
380033,0.06
380034,0.1
380035,0.1
380037,0.16
380038,0.21
380039,0.32
380040,0.2
380064,0.14
380065,0.25
380121,0.1
380122,0.09
380130,0.17
380219,0.11
380228,0.26
380229,0.07
380366,0.09
380408,0.07
380414,0.11
380487,0.08
380488,0.06
380489,0.11
380494,0.06
380543,0.05
380553,0.1
380600,0.09
380625,0.16
380635,0.08
380643,0.16
380762,0.09
380773,0.12
380781,0.21
380785,0.07
380787,0.07
380788,0.11
380789,0.06
380797,0.15
380800,0.05
380802,0.13
380805,0.17
380806,0.12
380807,0.26
380811,0.17
380812,0.05
380815,0.11
380816,0.03
380817,0.17
380819,0.14
380823,0.03
380824,0.27
380825,0.2
380826,0.14
380827,0.25
380828,0.06
380830,0.1
380831,0.12
380832,0.09
380833,0.02
380834,0.16
380836,0.18
380837,0.09
380838,0.07
380839,0.04
380840,0.21
380841,0.1
380879,0.1
380901,0.09
380928,0.1
380956,0.06
380979,0.18
381037,0.09
381047,0.19
381074,0.16
381104,0.11
381121,0.24
381130,0.13
381133,0.14
381139,0.05
381141,0.22
381142,0.1
381145,0.05
381152,0.19
381153,0.26
381154,0.21
381156,0.1
381160,0.04
381164,0.27
381168,0.11
381171,0.12
381173,0.2
381174,0.17
381176,0.06
381178,0.19
381179,0.08
381182,0.12
381185,0.12
381187,0.11
381189,0.11
381190,0.1
381191,0.13
381192,0.17
381193,0.06
381194,0.11
381195,0.14
381198,0.08
381199,0.09
381200,0.1
381201,0.25
381202,0.05
381203,0.37
381204,0.25
381205,0.15
381259,0.08
381288,0.14
381289,0.2
381335,0.11
381344,0.08
381367,0.17
381376,0.11
381381,0.07
381397,0.07
381406,0.07
381412,0.11
381421,0.18
381424,0.14
381427,0.24
381428,0.22
381429,0.05
381430,0.18
381434,0.2
381435,0.15
381436,0.17
381437,0.04
381438,0.24
381439,0.1
381444,0.09
381446,0.06
381447,0.23
381449,0.28
381450,0.17
381453,0.12
381454,0.09
381455,0.2
381456,0.21
381457,0.15
381458,0.11
381459,0.14
381460,0.07
381461,0.14
381462,0.22
381463,0.09
381464,0.2
381465,0.1
381466,0.23
381467,0.23
381468,0.17
381469,0.32
381470,0.12
381471,0.21
381472,0.05
381473,0.15
381475,0.15
381476,0.13
381477,0.14
381478,0.09
381479,0.19
381480,0.18
381481,0.1
381482,0.12
381483,0.15
381495,0.14
381545,0.1
381580,0.14
381657,0.18
381674,0.1
381691,0.1
381697,0.08
381704,0.22
381711,0.23
381721,0.22
381728,0.11
381729,0.13
381734,0.04
381735,0.13
381736,0.18
381740,0.19
381742,0.34
381743,0.19
381744,0.06
381747,0.11
381748,0.19
381749,0.1
381750,0.15
381751,0.14
381752,0.21
381753,0.08
381754,0.14
381755,0.13
381756,0.14
381757,0.1
381758,0.2
381759,0.09
381760,0.12
381761,0.18
381762,0.08
381763,0.04
381764,0.19
381765,0.2
381766,0.06
381767,0.12
381768,0.15
381769,0.11
381770,0.12
381772,0.17
381774,0.11
381777,0.1
381861,0.06
381974,0.09
381991,0.08
382024,0.15
382051,0.18
382066,0.1
382067,0.15
382068,0.14
382107,0.13
382108,0.12
382111,0.05
382113,0.07
382114,0.09
382120,0.06
382121,0.14
382122,0.26
382124,0.1
382126,0.09
382131,0.11
382132,0.16
382135,0.1
382136,0.11
382137,0.06
382138,0.11
382140,0.18
382141,0.24
382142,0.11
382143,0.14
382144,0.11
382145,0.09
382146,0.21
382147,0.1
382149,0.22
382150,0.05
382152,0.11
382153,0.13
382164,0.31
382180,0.15
382239,0.16
382275,0.13
382297,0.07
382391,0.2
382392,0.29
382396,0.15
382424,0.08
382471,0.17
382493,0.03
382496,0.12
382504,0.12
382505,0.19
382513,0.07
382517,0.24
382521,0.17
382528,0.08
382530,0.15
382544,0.15
382603,0.33
382604,0.08
382642,0.15
382666,0.08
382699,0.09
382737,0.06
382792,0.2
382796,0.07
382807,0.11
382813,0.2
382817,0.25
382818,0.09
382826,0.12
382845,0.06
382846,0.01
382850,0.21
382851,0.1
382856,0.13
382858,0.09
382859,0.13
382862,0.06
382863,0.14
382865,0.18
382866,0.12
382868,0.13
382870,0.1
382871,0.23
382872,0.22
382873,0.18
382874,0.38
382875,0.12
382876,0.22
382877,0.16
382878,0.22
382879,0.16
382880,0.04
382882,0.13
382883,0.08
382884,0.1
382885,0.16
382886,0.09
382887,0.21
382989,0.09
383009,0.14
383039,0.09
383068,0.1
383072,0.04
383093,0.12
383099,0.14
383167,0.12
383168,0.16
383170,0.23
383171,0.25
383174,0.18
383175,0.07
383176,0.1
383178,0.16
383181,0.15
383182,0.12
383184,0.11
383186,0.18
383187,0.05
383189,0.07
383190,0.16
383191,0.15
383192,0.12
383194,0.08
383195,0.03
383196,0.1
383197,0.12
383198,0.08
383199,0.14
383200,0.09
383201,0.11
383202,0.16
383203,0.05
383204,0.17
383205,0.07
383206,0.15
383207,0.05
383208,0.11
383279,0.18
383335,0.08
383384,0.08
383394,0.1
383400,0.24
383401,0.1
383409,0.13
383410,0.09
383412,0.14
383414,0.06
383419,0.09
383422,0.08
383425,0.07
383426,0.11
383427,0.1
383428,0.28
383429,0.11
383430,0.21
383431,0.07
383433,0.42
383434,0.05
383435,0.11
383436,0.14
383437,0.17
383438,0.17
383439,0.1
383440,0.1
383441,0.07
383442,0.09
383443,0.04
383444,0.08
383445,0.06
383446,0.16
383447,0.17
383448,0.13
383449,0.09
383450,0.32
383451,0.15
383452,0.08
383453,0.1
383454,0.14
383533,0.11
383583,0.16
383608,0.15
383622,0.13
383673,0.22
383804,0.16
383806,0.21
383812,0.1
383814,0.12
383816,0.13
383825,0.11
383827,0.11
383833,0.18
383841,0.15
383842,0.22
383849,0.16
383859,0.1
383883,0.15
383891,0.21
383910,0.11
383925,0.12
383943,0.25
383946,0.2
383959,0.05
383960,0.07
383961,0.13
383962,0.13
383979,0.13
383985,0.1
383990,0.08
383999,0.14
384001,0.16
384003,0.08
384008,0.1
384019,0.26
384020,0.19
384065,0.14
384102,0.15
384154,0.13
384155,0.18
384171,0.14
384177,0.15
384183,0.12
384186,0.11
384198,0.22
384199,0.14
384201,0.19
384203,0.17
384204,0.18
384205,0.2
384207,0.16
384208,0.13
384209,0.2
384210,0.12
384211,0.13
384212,0.16
384215,0.22
384216,0.04
384220,0.2
384221,0.08
384226,0.13
384273,0.07
384287,0.15
384288,0.05
384332,0.31
384365,0.06
384380,0.21
384392,0.17
384412,0.07
384424,0.16
384428,0.09
384429,0.18
384430,0.14
384434,0.13
384480,0.15
384502,0.18
384503,0.09
384504,0.1
384505,0.14
384508,0.05
384519,0.09
384520,0.21
384524,0.06
384528,0.15
384532,0.07
384539,0.17
384542,0.12
384543,0.17
384544,0.07
384546,0.25
384547,0.08
384548,0.11
384549,0.11
384552,0.34
384554,0.06
384556,0.12
384557,0.13
384558,0.1
384559,0.08
384560,0.21
384561,0.17
384562,0.06
384563,0.11
384564,0.16
384565,0.15
384656,0.15
384657,0.11
384672,0.18
384679,0.13
384680,0.1
384689,0.09
384692,0.06
384695,0.12
384710,0.19
384712,0.13
384715,0.16
384735,0.09
384749,0.12
384751,0.16
384753,0.13
384757,0.08
384759,0.08
384761,0.07
384762,0.12
384765,0.21
384775,0.15
384782,0.09
384794,0.04
384798,0.07
384805,0.11
384807,0.11
384812,0.04
384821,0.07
384834,0.08
384847,0.17
384856,0.12
384857,0.08
384858,0.1
384859,0.14
384860,0.16
384861,0.25
384862,0.17
384863,0.16
384864,0.09
384865,0.07
384866,0.27
384867,0.17
384868,0.05
384869,0.11
384870,0.13
384871,0.12
384873,0.14
384874,0.22
384876,0.12
384877,0.11
384878,0.07
384880,0.13
384881,0.08
384882,0.2
384883,0.1
384884,0.24
384885,0.11
384886,0.1
384887,0.09
384969,0.06
385023,0.06
385049,0.13
385081,0.1
385091,0.08
385092,0.11
385093,0.14
385094,0.07
385106,0.23
385107,0.2
385110,0.12
385111,0.15
385113,0.08
385114,0.11
385115,0.25
385117,0.13
385119,0.08
385120,0.14
385121,0.28
385122,0.07
385123,0.09
385125,0.13
385126,0.09
385127,0.1
385128,0.11
385129,0.08
385130,0.09
385131,0.11
385132,0.13
385133,0.09
385134,0.22
385135,0.1
385136,0.21
385137,0.19
385138,0.09
385139,0.27
385140,0.41
385141,0.13
385142,0.09
385143,0.07
385144,0.1
385145,0.17
385146,0.05
385147,0.2
385149,0.15
385151,0.03
385152,0.14
385153,0.13
385197,0.08
385230,0.14
385231,0.15
385252,0.15
385299,0.17
385351,0.12
385376,0.26
385405,0.06
385452,0.1
385479,0.13
385510,0.14
385522,0.25
385524,0.08
385544,0.1
385563,0.1
385566,0.14
385571,0.08
385585,0.05
385586,0.12
385611,0.17
385621,0.11
385623,0.14
385628,0.38
385633,0.19
385634,0.09
385643,0.09
385650,0.14
385656,0.11
385666,0.1
385693,0.15
385705,0.15
385706,0.04
385835,0.04
385847,0.11
385867,0.31
385871,0.2
385872,0.06
385879,0.09
385883,0.09
385884,0.14
385885,0.13
385889,0.11
385893,0.06
385894,0.11
385898,0.18
385899,0.06
385902,0.12
385903,0.08
385904,0.09
385905,0.18
385906,0.09
385907,0.17
385908,0.26
385909,0.08
385910,0.07
385973,0.13
386003,0.16
386013,0.07
386023,0.1
386065,0.08
386072,0.14
386077,0.35
386135,0.09
386141,0.15
386178,0.35
386198,0.16
386200,0.13
386203,0.12
386223,0.09
386225,0.16
386245,0.07
386250,0.09
386253,0.13
386254,0.09
386255,0.09
386262,0.35
386263,0.08
386264,0.07
386267,0.14
386268,0.08
386276,0.23
386279,0.17
386281,0.11
386282,0.19
386283,0.24
386284,0.09
386285,0.14
386286,0.17
386287,0.09
386288,0.23
386289,0.23
386290,0.13
386292,0.1
386293,0.11
386294,0.21
386295,0.34
386296,0.24
386297,0.11
386299,0.14
386300,0.15
386301,0.09
386302,0.13
386303,0.17
386304,0.26
386305,0.14
386307,0.1
386308,0.13
386309,0.21
386310,0.11
386311,0.08
386347,0.11
386350,0.19
386352,0.15
386365,0.07
386378,0.05
386380,0.16
386399,0.15
386458,0.07
386523,0.11
386531,0.3
386545,0.24
386546,0.19
386547,0.11
386549,0.11
386550,0.14
386551,0.08
386552,0.08
386633,0.1
386647,0.03
386665,0.12
386767,0.14
386773,0.12
386774,0.08
386775,0.13
386777,0.06
386785,0.1
386791,0.18
386792,0.09
386795,0.07
386798,0.1
386803,0.1
386805,0.08
386806,0.19
386808,0.05
386811,0.04
386813,0.07
386814,0.17
386817,0.15
386819,0.08
386820,0.13
386821,0.25
386822,0.35
386824,0.07
386825,0.18
386826,0.06
386827,0.2
386828,0.28
386830,0.08
386831,0.19
386832,0.04
386833,0.25
386834,0.13
386835,0.04
386836,0.04
386837,0.11
386838,0.14
386839,0.19
386840,0.09
386841,0.14
386843,0.1
386844,0.19
386845,0.13
386847,0.18
386848,0.19
386849,0.06
386860,0.18
386938,0.1
386940,0.09
386989,0.12
387021,0.17
387193,0.21
387194,0.18
387286,0.07
387291,0.07
387292,0.22
387324,0.15
387325,0.21
387329,0.04
387331,0.15
387333,0.0
387337,0.12
387341,0.12
387342,0.15
387349,0.14
387350,0.08
387351,0.08
387352,0.16
387353,0.09
387355,0.12
387356,0.14
387357,0.13
387358,0.14
387360,0.15
387361,0.09
387362,0.18
387363,0.07
387364,0.07
387365,0.17
387366,0.1
387367,0.12
387368,0.05
387369,0.14
387370,0.07
387371,0.18
387372,0.19
387377,0.17
387378,0.13
387424,0.12
387440,0.12
387447,0.18
387489,0.14
387501,0.17
387526,0.23
387542,0.07
387543,0.16
387544,0.24
387565,0.13
387572,0.08
387577,0.15
387578,0.13
387583,0.06
387584,0.04
387588,0.09
387595,0.17
387596,0.06
387597,0.16
387598,0.1
387662,0.17
387687,0.16
387688,0.08
387689,0.1
387718,0.18
387730,0.13
387753,0.09
387807,0.2
387843,0.14
387848,0.13
387882,0.13
387884,0.1
387892,0.09
387896,0.17
387916,0.29
387920,0.12
387927,0.3
387928,0.06
387929,0.18
387932,0.2
387934,0.1
387937,0.09
387942,0.13
387947,0.13
387948,0.07
387952,0.25
387953,0.16
387954,0.12
387955,0.14
387956,0.08
387957,0.18
387958,0.16
387960,0.09
387961,0.08
387962,0.13
387963,0.14
387964,0.24
387965,0.12
387966,0.16
387967,0.12
387968,0.08
387969,0.11
387970,0.16
387971,0.15
387972,0.11
387973,0.06
388053,0.18
388056,0.11
388057,0.08
388078,0.14
388079,0.12
388127,0.09
388155,0.25
388159,0.14
388169,0.11
388170,0.11
388173,0.09
388174,0.13
388176,0.11
388179,0.18
388182,0.09
388183,0.08
388187,0.19
388189,0.09
388191,0.07
388193,0.1
388194,0.06
388195,0.15
388196,0.13
388198,0.09
388199,0.25
388201,0.16
388202,0.17
388203,0.2
388204,0.14
388206,0.08
388208,0.08
388209,0.08
388210,0.09
388211,0.06
388212,0.06
388213,0.05
388214,0.1
388215,0.11
388216,0.21
388217,0.16
388218,0.16
388219,0.06
388220,0.24
388221,0.14
388222,0.14
388223,0.09
388237,0.17
388238,0.09
388242,0.04
388243,0.12
388248,0.1
388249,0.21
388251,0.18
388253,0.14
388255,0.16
388256,0.13
388258,0.15
388259,0.14
388260,0.14
388262,0.23
388263,0.21
388264,0.1
388265,0.21
388266,0.14
388267,0.25
388269,0.32
388270,0.16
388271,0.07
388272,0.14
388273,0.14
388274,0.16
388275,0.2
388276,0.14
388397,0.15
388428,0.18
388429,0.16
388448,0.07
388449,0.05
388460,0.09
388463,0.15
388465,0.11
388505,0.16
388508,0.18
388511,0.06
388525,0.06
388554,0.12
388561,0.34
388566,0.12
388572,0.08
388574,0.13
388585,0.1
388589,0.06
388590,0.13
388594,0.07
388596,0.26
388616,0.25
388621,0.08
388622,0.11
388627,0.1
388633,0.09
388639,0.09
388647,0.11
388655,0.2
388665,0.11
388667,0.08
388668,0.09
388669,0.11
388679,0.08
388683,0.09
388687,0.09
388688,0.19
388700,0.1
388703,0.12
388704,0.18
388705,0.29
388707,0.14
388712,0.13
388729,0.12
388733,0.06
388748,0.09
388754,0.08
388763,0.21
388777,0.09
388790,0.12
388800,0.29
388801,0.17
388812,0.2
388816,0.26
388835,0.17
388837,0.1
388842,0.03
388847,0.1
388848,0.09
388849,0.13
388850,0.16
388859,0.1
388864,0.09
388865,0.21
388870,0.13
388872,0.1
388873,0.12
388879,0.11
388890,0.35
388898,0.17
388899,0.14
388900,0.12
388913,0.36
388919,0.1
388921,0.2
388929,0.12
388945,0.12
388962,0.08
388963,0.05
388985,0.03
388986,0.11
388992,0.18
388993,0.13
389002,0.06
389006,0.08
389009,0.13
389018,0.26
389048,0.25
389051,0.12
389068,0.13
389069,0.13
389070,0.12
389080,0.05
389085,0.07
389090,0.07
389094,0.15
389097,0.26
389098,0.1
389101,0.17
389104,0.16
389131,0.23
389133,0.16
389134,0.07
389143,0.2
389176,0.25
389181,0.08
389192,0.12
389202,0.16
389222,0.11
389225,0.15
389227,0.19
389239,0.12
389245,0.14
389248,0.07
389258,0.15
389266,0.11
389268,0.08
389277,0.14
389280,0.22
389300,0.06
389319,0.19
389330,0.1
389338,0.07
389356,0.14
389363,0.15
389371,0.11
389377,0.32
389398,0.11
389409,0.15
389415,0.15
389418,0.17
389420,0.11
389426,0.22
389433,0.14
389434,0.08
389440,0.09
389441,0.06
389443,0.3
389448,0.15
389464,0.09
389466,0.16
389471,0.35
389473,0.11
389480,0.15
389481,0.09
389483,0.15
389486,0.11
389490,0.23
389500,0.1
389507,0.27
389509,0.17
389515,0.33
389517,0.09
389523,0.13
389527,0.05
389529,0.37
389532,0.1
389539,0.1
389550,0.02
389551,0.12
389552,0.09
389554,0.27
389563,0.24
389566,0.16
389572,0.09
389573,0.07
389585,0.26
389587,0.11
389589,0.11
389592,0.09
389601,0.41
389603,0.11
389604,0.21
389617,0.08
389618,0.21
389619,0.2
389622,0.17
389623,0.1
389627,0.15
389644,0.24
389667,0.07
389678,0.15
389694,0.09
389700,0.18
389707,0.08
389714,0.07
389717,0.11
389732,0.11
389737,0.16
389741,0.13
389755,0.09
389756,0.09
389763,0.18
389772,0.21
389777,0.06
389778,0.15
389796,0.21
389798,0.17
389805,0.14
389807,0.19
389815,0.07
389818,0.11
389823,0.09
389824,0.12
389831,0.07
389856,0.18
389860,0.04
389862,0.19
389872,0.16
389875,0.17
389878,0.13
389879,0.17
389881,0.03
389895,0.11
389897,0.04
389898,0.07
389924,0.14
389929,0.16
389934,0.23
389947,0.16
389962,0.15
389981,0.05
390003,0.05
390006,0.24
390011,0.1
390041,0.1
390044,0.12
390045,0.19
390047,0.1
390048,0.18
390052,0.17
390056,0.18
390061,0.13
390065,0.1
390070,0.15
390073,0.16
390076,0.09
390087,0.08
390092,0.1
390095,0.12
390099,0.22
390107,0.21
390116,0.06
390130,0.09
390133,0.21
390144,0.12
390155,0.1
390159,0.19
390181,0.04
390183,0.07
390214,0.14
390222,0.18
390230,0.12
390235,0.09
390237,0.11
390242,0.35
390256,0.12
390259,0.22
390261,0.17
390268,0.14
390271,0.11
390274,0.12
390276,0.14
390279,0.12
390283,0.08
390285,0.15
390299,0.2
390316,0.06
390321,0.1
390330,0.16
390343,0.16
390346,0.28
390357,0.06
390359,0.18
390361,0.06
390365,0.12
390366,0.15
390372,0.14
390376,0.09
390378,0.2
390388,0.19
390391,0.11
390400,0.16
390407,0.18
390411,0.13
390419,0.1
390423,0.07
390437,0.08
390445,0.14
390449,0.1
390455,0.17
390465,0.15
390491,0.09
390492,0.17
390494,0.15
390495,0.16
390497,0.09
390504,0.19
390508,0.12
390510,0.13
390512,0.06
390524,0.23
390531,0.1
390558,0.26
390561,0.19
390564,0.1
390569,0.15
390574,0.11
390575,0.12
390587,0.26
390620,0.12
390621,0.16
390633,0.2
390634,0.19
390638,0.13
390639,0.11
390642,0.05
390647,0.31
390648,0.08
390663,0.18
390686,0.07
390688,0.13
390690,0.12
390691,0.14
390696,0.23
390703,0.12
390711,0.15
390722,0.11
390736,0.19
390747,0.24
390752,0.15
390760,0.13
390774,0.07
390777,0.11
390781,0.16
390793,0.23
390838,0.23
390847,0.16
390851,0.11
390854,0.08
390858,0.11
390864,0.05
390871,0.14
390905,0.23
390908,0.25
390910,0.11
390917,0.07
390919,0.1
390920,0.09
390922,0.14
390928,0.1
390929,0.09
390953,0.09
390955,0.18
390959,0.13
390962,0.11
390971,0.28
390972,0.13
390990,0.09
390994,0.1
390997,0.16
391015,0.08
391034,0.15
391038,0.09
391043,0.17
391048,0.11
391049,0.05
391056,0.2
391060,0.1
391072,0.19
391073,0.16
391077,0.08
391086,0.08
391092,0.15
391096,0.08
391118,0.12
391123,0.18
391136,0.14
391137,0.1
391145,0.06
391162,0.06
391164,0.22
391168,0.33
391172,0.17
391184,0.19
391188,0.11
391198,0.22
391207,0.13
391208,0.06
391209,0.3
391230,0.14
391232,0.13
391236,0.13
391237,0.18
391245,0.04
391269,0.09
391274,0.06
391275,0.16
391276,0.2
391279,0.17
391285,0.09
391306,0.14
391310,0.1
391321,0.05
391327,0.01
391341,0.26
391350,0.11
391353,0.11
391354,0.08
391357,0.12
391367,0.23
391371,0.12
391384,0.18
391387,0.12
391388,0.07
391392,0.06
391408,0.13
391433,0.1
391439,0.12
391443,0.28
391445,0.1
391449,0.13
391450,0.13
391461,0.1
391469,0.12
391486,0.19
391487,0.24
391500,0.1
391501,0.03
391505,0.07
391516,0.15
391517,0.07
391522,0.12
391539,0.3
391543,0.17
391546,0.13
391552,0.2
391555,0.14
391564,0.08
391565,0.17
391570,0.02
391586,0.09
391587,0.12
391588,0.15
391590,0.09
391613,0.2
391614,0.24
391617,0.07
391623,0.18
391635,0.07
391653,0.12
391661,0.14
391670,0.22
391682,0.15
391713,0.08
391717,0.19
391726,0.4
391738,0.11
391740,0.08
391741,0.13
391742,0.16
391756,0.1
391765,0.3
391766,0.07
391768,0.12
391771,0.11
391784,0.06
391786,0.24
391791,0.13
391798,0.09
391820,0.19
391831,0.04
391842,0.09
391843,0.05
391853,0.15
391858,0.11
391866,0.3
391867,0.08
391870,0.14
391879,0.11
391903,0.11
391915,0.08
391920,0.05
391929,0.21
391935,0.06
391944,0.08
391945,0.25
391947,0.23
391957,0.1
391960,0.15
391966,0.15
391977,0.15
391983,0.15
391990,0.12
391999,0.1
392010,0.1
392011,0.08
392012,0.16
392013,0.04
392015,0.15
392027,0.11
392029,0.06
392031,0.08
392035,0.13
392042,0.16
392049,0.19
392050,0.08
392062,0.06
392068,0.16
392071,0.09
392079,0.09
392087,0.12
392106,0.16
392111,0.08
392123,0.13
392127,0.21
392132,0.22
392149,0.21
392151,0.07
392175,0.22
392186,0.09
392190,0.13
392196,0.23
392202,0.17
392212,0.15
392221,0.15
392224,0.16
392230,0.13
392232,0.19
392234,0.2
392239,0.19
392240,0.28
392241,0.09
392243,0.22
392250,0.13
392253,0.17
392258,0.19
392260,0.15
392270,0.29
392280,0.1
392283,0.01
392293,0.15
392311,0.15
392316,0.05
392317,0.17
392319,0.19
392328,0.14
392363,0.09
392369,0.11
392371,0.12
392372,0.2
392386,0.15
392389,0.2
392390,0.16
392391,0.15
392398,0.13
392399,0.16
392404,0.15
392405,0.08
392408,0.2
392422,0.15
392423,0.07
392424,0.13
392429,0.15
392430,0.14
392431,0.17
392437,0.08
392450,0.13
392458,0.1
392460,0.2
392469,0.21
392474,0.13
392491,0.16
392495,0.09
392513,0.24
392526,0.1
392527,0.2
392534,0.09
392540,0.16
392554,0.12
392571,0.17
392578,0.28
392583,0.06
392588,0.23
392594,0.16
392604,0.08
392610,0.19
392613,0.13
392619,0.14
392622,0.29
392624,0.1
392629,0.2
392634,0.21
392639,0.1
392649,0.11
392671,0.2
392680,0.19
392682,0.07
392684,0.06
392685,0.19
392686,0.17
392699,0.07
392704,0.11
392709,0.17
392714,0.32
392717,0.19
392727,0.09
392730,0.09
392741,0.18
392754,0.1
392762,0.16
392774,0.12
392775,0.11
392793,0.15
392800,0.18
392809,0.12
392812,0.1
392814,0.13
392820,0.19
392825,0.05
392847,0.13
392849,0.18
392861,0.26
392868,0.08
392880,0.22
392882,0.23
392888,0.24
392905,0.11
392909,0.27
392915,0.1
392925,0.09
392931,0.09
392933,0.09
392935,0.13
392939,0.16
392951,0.11
392960,0.07
392962,0.13
392964,0.17
392970,0.13
392980,0.14
392981,0.05
392985,0.09
392990,0.12
392992,0.18
392998,0.08
392999,0.13
393007,0.11
393009,0.12
393012,0.13
393014,0.14
393015,0.14
393035,0.18
393055,0.19
393056,0.1
393075,0.08
393078,0.16
393094,0.15
393111,0.16
393115,0.13
393117,0.17
393118,0.08
393128,0.23
393129,0.11
393136,0.08
393138,0.19
393139,0.3
393156,0.13
393159,0.16
393168,0.09
393172,0.13
393177,0.12
393189,0.1
393194,0.24
393201,0.04
393202,0.04
393209,0.15
393216,0.27
393218,0.22
393224,0.18
393227,0.13
393232,0.11
393256,0.09
393257,0.11
393258,0.24
393267,0.15
393269,0.14
393275,0.1
393278,0.16
393279,0.22
393312,0.16
393318,0.08
393343,0.18
393351,0.16
393356,0.09
393361,0.2
393370,0.23
393381,0.05
393395,0.14
393405,0.12
393416,0.14
393419,0.12
393430,0.13
393443,0.17
393454,0.22
393478,0.1
393489,0.06
393499,0.12
393503,0.1
393505,0.09
393507,0.08
393526,0.14
393537,0.06
393543,0.07
393555,0.16
393562,0.17
393573,0.28
393587,0.2
393591,0.07
393606,0.09
393621,0.17
393624,0.08
393625,0.23
393628,0.24
393633,0.11
393641,0.12
393642,0.2
393650,0.2
393658,0.13
393669,0.13
393671,0.12
393672,0.15
393680,0.17
393683,0.24
393684,0.1
393691,0.11
393696,0.17
393699,0.08
393708,0.08
393709,0.22
393711,0.18
393720,0.17
393738,0.13
393740,0.05
393762,0.15
393774,0.04
393776,0.15
393778,0.19
393793,0.09
393804,0.15
393818,0.27
393821,0.1
393822,0.1
393833,0.25
393839,0.17
393840,0.1
393843,0.15
393852,0.03
393855,0.05
393860,0.1
393864,0.19
393877,0.2
393882,0.24
393884,0.15
393886,0.19
393892,0.08
393894,0.12
393902,0.08
393909,0.11
393910,0.04
393911,0.1
393934,0.07
393936,0.18
393939,0.17
393940,0.15
393943,0.09
393946,0.25
393950,0.07
393953,0.07
393959,0.18
393974,0.2
393980,0.41
393983,0.05
393985,0.11
393992,0.1
393995,0.2
394008,0.14
394010,0.16
394022,0.09
394062,0.19
394063,0.17
394066,0.14
394069,0.06
394071,0.1
394082,0.1
394087,0.07
394095,0.11
394097,0.19
394106,0.18
394113,0.33
394115,0.19
394125,0.08
394131,0.12
394132,0.09
394141,0.31
394145,0.28
394153,0.36
394159,0.12
394180,0.13
394186,0.13
394200,0.11
394203,0.06
394210,0.16
394214,0.1
394218,0.17
394231,0.15
394240,0.23
394248,0.15
394249,0.05
394254,0.26
394264,0.15
394267,0.13
394269,0.23
394275,0.17
394289,0.08
394295,0.21
394305,0.22
394308,0.17
394317,0.07
394323,0.23
394332,0.06
394336,0.17
394345,0.34
394346,0.13
394347,0.08
394351,0.14
394355,0.18
394360,0.08
394372,0.13
394373,0.17
394374,0.07
394382,0.12
394385,0.17
394409,0.17
394415,0.06
394433,0.14
394445,0.17
394448,0.27
394451,0.05
394467,0.11
394471,0.12
394473,0.17
394474,0.18
394476,0.1
394492,0.14
394502,0.09
394506,0.15
394510,0.08
394515,0.08
394535,0.08
394537,0.33
394539,0.16
394541,0.15
394564,0.11
394567,0.11
394568,0.1
394571,0.21
394576,0.1
394579,0.27
394585,0.04
394588,0.09
394606,0.14
394623,0.1
394632,0.2
394635,0.2
394642,0.11
394653,0.09
394689,0.06
394695,0.05
394699,0.19
394706,0.09
394712,0.3
394721,0.36
394722,0.19
394739,0.08
394742,0.27
394761,0.21
394775,0.13
394777,0.26
394783,0.16
394800,0.1
394803,0.07
394804,0.24
394815,0.1
394835,0.2
394843,0.28
394845,0.17
394847,0.04
394848,0.14
394850,0.17
394857,0.08
394873,0.25
394892,0.15
394898,0.1
394904,0.14
394918,0.2
394920,0.12
394926,0.08
394927,0.08
394940,0.09
394942,0.08
394943,0.09
394959,0.17
394977,0.17
394991,0.24
395014,0.28
395027,0.16
395042,0.25
395062,0.25
395063,0.31
395064,0.1
395076,0.13
395085,0.24
395095,0.06
395100,0.14
395105,0.16
395108,0.09
395110,0.21
395114,0.26
395123,0.12
395131,0.17
395144,0.16
395152,0.3
395159,0.16
395166,0.18
395197,0.1
395210,0.14
395212,0.2
395216,0.14
395218,0.18
395224,0.12
395225,0.23
395233,0.14
395237,0.17
395246,0.25
395248,0.22
395262,0.11
395271,0.07
395275,0.08
395286,0.12
395316,0.26
395318,0.23
395328,0.23
395334,0.11
395337,0.13
395338,0.17
395346,0.19
395365,0.11
395373,0.16
395383,0.32
395387,0.15
395391,0.12
395401,0.06
395432,0.06
395443,0.06
395447,0.07
395448,0.1
395450,0.08
395456,0.1
395459,0.23
395462,0.11
395488,0.18
395492,0.07
395495,0.09
395504,0.19
395507,0.2
395508,0.27
395509,0.07
395513,0.13
395515,0.11
395517,0.21
395520,0.21
395524,0.2
395525,0.05
395533,0.12
395538,0.12
395545,0.06
395553,0.17
395576,0.26
395585,0.16
395590,0.12
395593,0.04
395595,0.09
395603,0.1
395604,0.1
395611,0.19
395612,0.12
395617,0.07
395624,0.12
395653,0.19
395665,0.13
395668,0.14
395672,0.11
395677,0.11
395692,0.08
395693,0.19
395694,0.15
395696,0.15
395699,0.14
395703,0.09
395712,0.19
395731,0.11
395732,0.07
395735,0.14
395736,0.17
395744,0.22
395763,0.11
395771,0.04
395774,0.1
395784,0.12
395790,0.08
395792,0.28
395796,0.13
395808,0.15
395810,0.12
395814,0.29
395831,0.19
395836,0.14
395837,0.08
395852,0.13
395854,0.05
395856,0.13
395857,0.14
395860,0.09
395862,0.08
395875,0.13
395880,0.03
395893,0.23
395900,0.07
395908,0.09
395921,0.37
395922,0.14
395926,0.16
395933,0.08
395936,0.12
395940,0.13
395951,0.1
395964,0.04
395969,0.07
395971,0.13
395973,0.12
395975,0.14
395984,0.28
395993,0.1
396012,0.13
396033,0.19
396035,0.09
396036,0.13
396041,0.13
396048,0.16
396049,0.1
396057,0.08
396060,0.16
396063,0.11
396078,0.16
396085,0.18
396087,0.07
396094,0.14
396104,0.07
396110,0.16
396123,0.23
396139,0.15
396160,0.12
396165,0.12
396169,0.14
396182,0.1
396200,0.2
396201,0.11
396202,0.13
396216,0.18
396227,0.07
396236,0.06
396240,0.2
396249,0.06
396252,0.11
396253,0.26
396276,0.1
396297,0.1
396301,0.11
396310,0.09
396327,0.14
396330,0.13
396331,0.07
396334,0.12
396337,0.11
396343,0.17
396346,0.04
396350,0.21
396368,0.14
396375,0.25
396378,0.18
396380,0.21
396393,0.07
396397,0.13
396403,0.08
396404,0.29
396408,0.12
396414,0.1
396418,0.3
396420,0.05
396426,0.11
396428,0.14
396434,0.18
396435,0.14
396437,0.08
396442,0.17
396444,0.07
396449,0.09
396453,0.14
396464,0.1
396474,0.09
396483,0.09
396496,0.22
396501,0.18
396505,0.06
396506,0.1
396512,0.06
396513,0.17
396518,0.16
396530,0.15
396542,0.2
396549,0.04
396553,0.07
396555,0.24
396557,0.12
396562,0.23
396566,0.11
396588,0.28
396589,0.15
396590,0.27
396597,0.08
396602,0.09
396609,0.31
396614,0.26
396617,0.17
396620,0.12
396625,0.36
396638,0.16
396640,0.2
396646,0.05
396648,0.12
396653,0.16
396663,0.19
396668,0.06
396670,0.11
396678,0.18
396681,0.09
396698,0.06
396699,0.21
396710,0.12
396713,0.15
396729,0.1
396732,0.15
396735,0.19
396752,0.19
396754,0.12
396761,0.05
396769,0.12
396777,0.13
396789,0.21
396790,0.07
396792,0.05
396824,0.13
396829,0.16
396830,0.12
396844,0.14
396849,0.12
396855,0.34
396864,0.26
396865,0.23
396866,0.05
396883,0.09
396889,0.17
396893,0.15
396900,0.1
396904,0.14
396912,0.1
396916,0.08
396922,0.1
396926,0.11
396928,0.13
396931,0.12
396944,0.14
396949,0.19
396952,0.15
396979,0.3
396984,0.09
396986,0.08
396992,0.03
396995,0.43
397014,0.11
397025,0.08
397046,0.21
397047,0.11
397051,0.14
397052,0.15
397058,0.12
397071,0.07
397081,0.13
397084,0.08
397086,0.13
397088,0.14
397090,0.31
397093,0.21
397106,0.11
397109,0.38
397110,0.15
397118,0.03
397119,0.19
397120,0.09
397127,0.16
397128,0.12
397129,0.17
397132,0.12
397138,0.12
397139,0.21
397146,0.22
397148,0.25
397149,0.23
397166,0.06
397167,0.11
397168,0.16
397171,0.12
397178,0.13
397185,0.13
397191,0.1
397195,0.11
397197,0.12
397198,0.09
397211,0.18
397213,0.09
397216,0.09
397219,0.16
397226,0.07
397241,0.12
397249,0.19
397261,0.18
397265,0.07
397281,0.09
397304,0.17
397306,0.1
397325,0.12
397327,0.07
397345,0.35
397360,0.09
397378,0.07
397383,0.06
397384,0.14
397399,0.15
397415,0.08
397433,0.06
397444,0.27
397452,0.15
397458,0.11
397460,0.12
397462,0.13
397464,0.11
397466,0.33
397472,0.13
397474,0.09
397476,0.12
397482,0.22
397492,0.19
397494,0.06
397501,0.17
397507,0.17
397512,0.19
397513,0.11
397517,0.09
397533,0.13
397549,0.25
397560,0.19
397562,0.05
397570,0.27
397575,0.04
397584,0.12
397585,0.13
397593,0.08
397609,0.19
397615,0.1
397630,0.27
397631,0.1
397633,0.2
397641,0.09
397664,0.06
397668,0.08
397674,0.08
397679,0.12
397681,0.19
397694,0.06
397695,0.18
397707,0.22
397713,0.05
397714,0.16
397715,0.1
397724,0.12
397726,0.39
397729,0.07
397739,0.03
397741,0.07
397759,0.13
397761,0.06
397767,0.2
397776,0.23
397782,0.26
397785,0.09
397789,0.07
397793,0.2
397794,0.25
397804,0.12
397815,0.11
397816,0.15
397825,0.19
397857,0.27
397861,0.11
397890,0.16
397891,0.4
397900,0.11
397903,0.19
397911,0.05
397925,0.16
397928,0.16
397954,0.18
397955,0.06
397962,0.18
397971,0.12
397975,0.19
397984,0.23
397989,0.1
397993,0.12
398004,0.13
398032,0.25
398038,0.04
398043,0.14
398046,0.26
398051,0.28
398061,0.06
398082,0.03
398086,0.08
398087,0.17
398088,0.08
398093,0.15
398103,0.06
398106,0.14
398109,0.22
398110,0.05
398113,0.12
398116,0.19
398132,0.09
398135,0.16
398138,0.12
398159,0.25
398163,0.25
398165,0.18
398166,0.07
398173,0.06
398179,0.18
398181,0.14
398189,0.09
398196,0.13
398206,0.19
398208,0.17
398220,0.13
398231,0.12
398234,0.25
398239,0.17
398254,0.1
398260,0.15
398261,0.08
398269,0.25
398274,0.17
398279,0.14
398280,0.14
398292,0.2
398293,0.14
398295,0.22
398329,0.09
398337,0.06
398344,0.12
398347,0.11
398348,0.37
398352,0.17
398355,0.14
398360,0.25
398363,0.16
398368,0.12
398373,0.19
398377,0.06
398384,0.07
398389,0.1
398394,0.29
398397,0.09
398400,0.11
398409,0.08
398429,0.11
398432,0.12
398444,0.29
398446,0.28
398456,0.07
398461,0.11
398473,0.07
398480,0.1
398481,0.19
398485,0.18
398488,0.2
398500,0.2
398520,0.15
398524,0.14
398534,0.09
398554,0.09
398572,0.17
398580,0.17
398586,0.08
398592,0.2
398606,0.15
398619,0.22
398621,0.1
398625,0.09
398645,0.21
398652,0.3
398656,0.06
398661,0.11
398667,0.08
398669,0.07
398676,0.13
398690,0.13
398699,0.13
398715,0.08
398718,0.06
398721,0.1
398729,0.1
398737,0.17
398738,0.1
398752,0.16
398757,0.31
398759,0.08
398764,0.22
398771,0.08
398773,0.22
398775,0.04
398779,0.16
398791,0.16
398807,0.09
398811,0.09
398814,0.13
398817,0.1
398829,0.07
398830,0.06
398838,0.04
398839,0.22
398841,0.03
398850,0.11
398852,0.07
398858,0.14
398859,0.23
398862,0.18
398870,0.21
398875,0.11
398902,0.14
398910,0.06
398919,0.26
398929,0.11
398935,0.3
398940,0.11
398953,0.14
398956,0.06
398963,0.09
398966,0.08
398967,0.12
398968,0.11
398974,0.14
398976,0.1
398982,0.15
398993,0.1
399011,0.2
399016,0.13
399017,0.12
399020,0.11
399047,0.26
399053,0.22
399056,0.1
399061,0.16
399066,0.22
399074,0.2
399086,0.18
399088,0.17
399091,0.19
399092,0.18
399093,0.13
399100,0.13
399124,0.17
399131,0.27
399142,0.11
399149,0.05
399158,0.31
399160,0.14
399167,0.04
399169,0.17
399171,0.06
399174,0.13
399178,0.18
399179,0.22
399184,0.04
399185,0.09
399186,0.15
399191,0.11
399192,0.09
399195,0.27
399212,0.24
399221,0.19
399223,0.22
399230,0.09
399246,0.21
399260,0.11
399261,0.18
399266,0.12
399289,0.19
399293,0.04
399299,0.15
399306,0.14
399321,0.11
399328,0.07
399344,0.11
399352,0.2
399358,0.13
399374,0.12
399382,0.35
399385,0.09
399388,0.11
399399,0.06
399410,0.07
399417,0.05
399423,0.14
399427,0.11
399429,0.1
399435,0.08
399439,0.15
399451,0.1
399454,0.18
399458,0.21
399468,0.14
399477,0.11
399483,0.13
399493,0.06
399494,0.11
399499,0.19
399503,0.15
399510,0.06
399511,0.08
399525,0.1
399528,0.16
399533,0.11
399538,0.07
399551,0.12
399568,0.18
399571,0.07
399585,0.09
399589,0.17
399595,0.06
399598,0.05
399605,0.18
399616,0.18
399617,0.06
399622,0.14
399627,0.19
399635,0.17
399639,0.4
399641,0.1
399643,0.15
399659,0.11
399667,0.14
399683,0.12
399702,0.26
399706,0.25
399720,0.09
399727,0.14
399730,0.19
399734,0.23
399751,0.09
399754,0.18
399759,0.14
399768,0.17
399770,0.18
399781,0.21
399786,0.21
399799,0.17
399811,0.08
399813,0.06
399820,0.15
399832,0.16
399851,0.12
399853,0.11
399855,0.11
399860,0.14
399876,0.14
399877,0.13
399881,0.1
399882,0.1
399903,0.14
399906,0.13
399912,0.21
399915,0.24
399921,0.09
399935,0.1
399936,0.07
399938,0.11
399939,0.11
399940,0.07
399949,0.1
399953,0.08
399959,0.27
399968,0.08
399969,0.09
399972,0.26
399974,0.07
399976,0.08
399979,0.15
399988,0.22
399994,0.26
399996,0.17
399997,0.19
400000,0.1
400004,0.11
400011,0.1
400014,0.33
400015,0.18
400017,0.13
400046,0.16
400063,0.18
400065,0.13
400069,0.05
400075,0.13
400088,0.11
400091,0.16
400105,0.07
400108,0.25
400113,0.09
400119,0.18
400123,0.08
400127,0.15
400136,0.08
400137,0.19
400138,0.13
400158,0.18
400172,0.1
400174,0.13
400224,0.15
400229,0.13
400236,0.26
400240,0.13
400249,0.08
400258,0.2
400268,0.2
400272,0.06
400284,0.14
400292,0.06
400295,0.14
400308,0.17
400314,0.09
400315,0.06
400331,0.31
400332,0.07
400339,0.07
400342,0.09
400361,0.14
400363,0.13
400365,0.13
400374,0.14
400379,0.09
400382,0.09
400416,0.25
400422,0.24
400436,0.2
400460,0.05
400462,0.34
400468,0.12
400482,0.15
400489,0.21
400490,0.13
400501,0.12
400519,0.18
400525,0.4
400526,0.1
400529,0.11
400540,0.1
400543,0.24
400545,0.11
400556,0.24
400572,0.07
400584,0.05
400589,0.11
400593,0.21
400597,0.13
400616,0.13
400642,0.16
400643,0.08
400649,0.05
400672,0.25
400685,0.16
400693,0.17
400695,0.13
400701,0.06
400720,0.1
400741,0.14
400745,0.09
400750,0.11
400779,0.2
400784,0.08
400792,0.14
400800,0.17
400811,0.18
400813,0.18
400820,0.12
400830,0.1
400833,0.17
400834,0.05
400841,0.06
400855,0.34
400856,0.14
400860,0.07
400866,0.09
400869,0.2
400870,0.22
400880,0.05
400882,0.07
400915,0.23
400921,0.19
400923,0.2
400925,0.15
400936,0.21
400943,0.2
400962,0.08
400963,0.14
400967,0.1
400970,0.2
400975,0.13
400981,0.09
400983,0.19
400987,0.13
400988,0.05
400994,0.11
400998,0.22
401002,0.08
401003,0.14
401005,0.05
401007,0.13
401022,0.26
401029,0.22
401035,0.11
401036,0.24
401040,0.09
401045,0.18
401053,0.14
401065,0.08
401067,0.11
401069,0.2
401073,0.16
401074,0.18
401078,0.18
401082,0.18
401086,0.11
401092,0.12
401097,0.1
401098,0.12
401099,0.19
401100,0.22
401107,0.15
401119,0.22
401120,0.07
401137,0.12
401142,0.18
401162,0.13
401163,0.13
401172,0.18
401179,0.21
401182,0.11
401184,0.19
401190,0.09
401207,0.15
401210,0.11
401220,0.1
401225,0.04
401230,0.29
401240,0.1
401246,0.1
401256,0.13
401273,0.14
401274,0.17
401287,0.09
401292,0.13
401305,0.12
401310,0.11
401311,0.12
401321,0.08
401332,0.24
401338,0.06
401345,0.12
401368,0.14
401375,0.41
401378,0.12
401379,0.07
401395,0.1
401403,0.15
401406,0.1
401415,0.07
401424,0.19
401425,0.06
401428,0.15
401430,0.09
401436,0.09
401440,0.11
401443,0.13
401447,0.06
401448,0.08
401450,0.09
401459,0.08
401462,0.08
401470,0.18
401479,0.12
401481,0.05
401486,0.15
401496,0.07
401497,0.12
401502,0.18
401508,0.18
401513,0.18
401517,0.31
401519,0.14
401533,0.21
401536,0.29
401547,0.11
401581,0.11
401582,0.08
401586,0.18
401593,0.36
401603,0.05
401621,0.12
401625,0.15
401635,0.2
401646,0.1
401649,0.09
401660,0.16
401668,0.25
401686,0.11
401706,0.2
401712,0.16
401721,0.09
401725,0.16
401730,0.31
401741,0.05
401743,0.1
401748,0.17
401751,0.14
401770,0.07
401791,0.08
401792,0.1
401808,0.1
401816,0.07
401820,0.14
401821,0.16
401828,0.08
401830,0.2
401832,0.11
401839,0.17
401852,0.05
401868,0.11
401876,0.15
401879,0.21
401882,0.07
401894,0.1
401899,0.21
401901,0.24
401913,0.07
401919,0.1
401920,0.08
401923,0.09
401924,0.26
401932,0.17
401942,0.14
401949,0.19
401950,0.18
401951,0.19
401952,0.11
401971,0.31
401972,0.14
401973,0.07
401974,0.12
401983,0.17
401984,0.07
401988,0.05
401989,0.13
401990,0.1
402024,0.12
402029,0.04
402030,0.24
402041,0.17
402042,0.22
402043,0.1
402052,0.17
402053,0.11
402054,0.08
402057,0.14
402067,0.16
402068,0.05
402069,0.1
402070,0.2
402071,0.06
402073,0.1
402074,0.06
402075,0.16
402076,0.13
402077,0.05
402078,0.28
402079,0.21
402080,0.08
402081,0.07
402082,0.11
402089,0.07
402090,0.12
402091,0.19
402092,0.11
402094,0.15
402095,0.13
402096,0.09
402109,0.16
402151,0.1
402152,0.14
402153,0.11
402155,0.17
402201,0.13
402210,0.22
402212,0.14
402218,0.17
402227,0.14
402234,0.23
402236,0.08
402242,0.14
402243,0.09
402244,0.29
402245,0.13
402250,0.06
402251,0.17
402254,0.28
402255,0.12
402256,0.16
402257,0.2
402258,0.25
402259,0.1
402260,0.13
402261,0.2
402262,0.1
402263,0.11
402264,0.06
402265,0.11
402266,0.17
402267,0.14
402268,0.06
402270,0.05
402271,0.07
402272,0.11
402273,0.13
402274,0.08
402275,0.07
402276,0.14
402277,0.15
402278,0.1
402279,0.19
402280,0.03
402362,0.09
402363,0.05
402364,0.16
402370,0.08
402376,0.04
402381,0.25
402384,0.12
402389,0.05
402414,0.08
402416,0.08
402417,0.02
402420,0.15
402426,0.08
402436,0.25
402444,0.11
402447,0.1
402449,0.1
402454,0.24
402458,0.18
402460,0.12
402466,0.12
402475,0.09
402498,0.22
402502,0.16
402505,0.13
402509,0.11
402513,0.17
402517,0.09
402519,0.31
402522,0.21
402523,0.08
402525,0.09
402528,0.13
402534,0.29
402536,0.13
402542,0.06
402548,0.31
402552,0.11
402559,0.14
402563,0.08
402568,0.03
402573,0.12
402574,0.13
402575,0.1
402577,0.06
402602,0.12
402603,0.13
402604,0.06
402614,0.22
402615,0.11
402616,0.08
402617,0.21
402618,0.14
402619,0.06
402639,0.13
402640,0.04
402641,0.35
402642,0.07
402643,0.05
402644,0.14
402645,0.15
402649,0.09
402650,0.26
402653,0.13
402654,0.1
402655,0.27
402656,0.15
402657,0.1
402658,0.09
402659,0.12
402662,0.1
402696,0.02
402705,0.09
402707,0.28
402708,0.12
402709,0.2
402729,0.13
402730,0.13
402732,0.14
402739,0.2
402740,0.12
402741,0.1
402744,0.3
402745,0.26
402746,0.14
402772,0.16
402773,0.17
402774,0.13
402780,0.11
402781,0.08
402782,0.22
402790,0.13
402803,0.19
402808,0.22
402809,0.07
402810,0.24
402811,0.15
402815,0.1
402820,0.12
402821,0.21
402822,0.16
402824,0.1
402825,0.06
402870,0.09
402875,0.15
402924,0.24
402925,0.08
402926,0.09
402927,0.08
402928,0.07
402929,0.07
402930,0.15
402931,0.14
402932,0.15
402933,0.18
402940,0.07
402953,0.16
402954,0.24
402955,0.22
402956,0.17
402957,0.15
402970,0.08
402973,0.14
402974,0.09
402975,0.15
402976,0.18
402977,0.14
402978,0.12
402979,0.27
402980,0.18
402981,0.18
402982,0.25
402993,0.18
402994,0.02
403099,0.16
403137,0.12
403138,0.1
403165,0.11
403192,0.17
403214,0.06
403223,0.15
403238,0.14
403244,0.15
403246,0.18
403252,0.19
403254,0.09
403255,0.12
403259,0.1
403262,0.09
403277,0.11
403280,0.07
403281,0.19
403287,0.11
403315,0.14
403318,0.18
403319,0.08
403327,0.13
403331,0.1
403342,0.21
403349,0.11
403353,0.19
403364,0.24
403369,0.05
403373,0.19
403376,0.14
403378,0.11
403384,0.3
403385,0.1
403386,0.17
403388,0.08
403396,0.06
403398,0.14
403404,0.08
403410,0.09
403414,0.19
403417,0.24
403422,0.09
403424,0.13
403438,0.09
403451,0.05
403452,0.13
403453,0.11
403454,0.2
403455,0.12
403464,0.11
403465,0.2
403466,0.12
403500,0.1
403501,0.15
403524,0.22
403525,0.29
403526,0.12
403527,0.11
403542,0.15
403543,0.04
403549,0.11
403550,0.06
403551,0.19
403552,0.33
403553,0.17
403554,0.23
403558,0.1
403559,0.09
403560,0.45
403561,0.24
403562,0.22
403564,0.12
403565,0.17
403566,0.1
403600,0.18
403602,0.08
403603,0.14
403662,0.04
403685,0.1
403686,0.07
403687,0.07
403688,0.15
403689,0.37
403690,0.36
403691,0.08
403692,0.15
403696,0.05
403697,0.18
403698,0.13
403699,0.26
403701,0.31
403702,0.15
403703,0.2
403704,0.13
403705,0.13
403712,0.1
403713,0.13
403714,0.27
403715,0.07
403718,0.15
403722,0.35
403723,0.09
403724,0.26
403725,0.1
403726,0.05
403764,0.24
403765,0.11
403766,0.17
403770,0.3
403771,0.13
403772,0.24
403795,0.22
403799,0.19
403800,0.11
403801,0.08
403802,0.19
403803,0.48
403811,0.07
403814,0.07
403815,0.1
403816,0.08
403817,0.07
403818,0.11
403820,0.09
403821,0.25
403822,0.15
403823,0.16
403824,0.04
403825,0.05
403826,0.09
403828,0.14
403834,0.19
403836,0.2
403837,0.16
403838,0.13
403839,0.13
403873,0.07
403876,0.11
403902,0.08
403918,0.1
403922,0.21
403928,0.16
403929,0.16
403931,0.07
403932,0.12
403933,0.12
403935,0.11
403936,0.18
403937,0.15
403938,0.2
403943,0.15
403944,0.09
403945,0.21
403946,0.16
403948,0.14
403951,0.17
403955,0.2
403956,0.09
403957,0.16
403958,0.1
403960,0.31
403961,0.08
403962,0.14
403963,0.17
403964,0.21
403965,0.15
403966,0.12
403967,0.18
403968,0.26
403969,0.22
403970,0.1
403971,0.13
403972,0.17
403973,0.26
403974,0.25
403975,0.13
403976,0.07
403977,0.05
403978,0.2
403979,0.1
403980,0.3
403981,0.11
403982,0.11
404062,0.07
404067,0.13
404070,0.1
404079,0.15
404084,0.13
404108,0.16
404112,0.23
404118,0.22
404121,0.08
404122,0.04
404126,0.14
404140,0.1
404152,0.21
404156,0.31
404158,0.19
404160,0.1
404172,0.08
404174,0.16
404180,0.13
404186,0.06
404190,0.16
404192,0.1
404206,0.04
404207,0.23
404213,0.19
404216,0.16
404220,0.09
404227,0.11
404235,0.09
404247,0.18
404259,0.06
404266,0.07
404267,0.18
404274,0.26
404276,0.1
404277,0.06
404278,0.14
404279,0.11
404280,0.12
404287,0.17
404288,0.09
404289,0.07
404290,0.25
404291,0.05
404293,0.1
404302,0.16
404303,0.15
404304,0.15
404307,0.11
404308,0.06
404309,0.24
404310,0.25
404311,0.19
404312,0.16
404323,0.1
404324,0.1
404325,0.13
404326,0.06
404327,0.3
404328,0.07
404329,0.11
404330,0.2
404331,0.21
404335,0.08
404336,0.23
404337,0.23
404364,0.18
404379,0.17
404380,0.37
404381,0.3
404382,0.15
404385,0.12
404390,0.17
404391,0.11
404392,0.16
404393,0.07
404396,0.14
404400,0.11
404401,0.09
404402,0.1
404403,0.28
404404,0.14
404405,0.24
404406,0.08
404437,0.24
404439,0.15
404461,0.15
404462,0.15
404464,0.09
404468,0.11
404469,0.24
404470,0.08
404471,0.08
404472,0.2
404473,0.15
404474,0.06
404475,0.15
404477,0.1
404478,0.13
404554,0.14
404555,0.16
404556,0.08
404557,0.04
404569,0.18
404571,0.06
404585,0.14
404586,0.1
404592,0.24
404595,0.08
404596,0.2
404597,0.19
404603,0.18
404606,0.14
404607,0.14
404608,0.03
404609,0.16
404620,0.17
404689,0.15
404708,0.18
404734,0.28
404771,0.14
404806,0.05
404818,0.13
404850,0.09
404870,0.27
404923,0.14
404934,0.18
404938,0.1
404954,0.03
404957,0.12
404963,0.08
404964,0.08
404969,0.29
404970,0.05
404979,0.08
404997,0.12
404998,0.08
405009,0.19
405016,0.08
405018,0.07
405035,0.16
405036,0.09
405038,0.14
405047,0.09
405055,0.12
405060,0.23
405066,0.09
405081,0.1
405084,0.37
405089,0.16
405098,0.15
405100,0.2
405114,0.12
405118,0.2
405119,0.19
405120,0.06
405121,0.13
405124,0.12
405125,0.11
405132,0.13
405179,0.06
405193,0.05
405194,0.17
405195,0.11
405206,0.08
405207,0.09
405211,0.06
405215,0.11
405217,0.13
405219,0.12
405220,0.12
405231,0.17
405232,0.2
405291,0.05
405316,0.13
405317,0.08
405318,0.11
405319,0.17
405320,0.06
405325,0.04
405326,0.06
405333,0.04
405334,0.15
405349,0.25
405351,0.18
405353,0.09
405354,0.48
405361,0.06
405362,0.11
405363,0.17
405364,0.35
405365,0.21
405366,0.27
405372,0.31
405397,0.07
405402,0.1
405409,0.13
405410,0.29
405411,0.16
405412,0.09
405435,0.11
405436,0.11
405438,0.15
405442,0.14
405443,0.28
405444,0.1
405445,0.19
405446,0.06
405468,0.09
405489,0.18
405490,0.09
405498,0.09
405509,0.11
405510,0.12
405511,0.14
405512,0.14
405517,0.1
405518,0.15
405523,0.09
405544,0.14
405546,0.14
405552,0.25
405583,0.14
405592,0.15
405599,0.2
405602,0.07
405607,0.06
405613,0.21
405620,0.25
405624,0.11
405625,0.11
405626,0.03
405632,0.13
405633,0.16
405637,0.2
405640,0.18
405642,0.18
405646,0.07
405647,0.08
405650,0.31
405653,0.14
405654,0.07
405660,0.11
405666,0.08
405667,0.2
405668,0.06
405669,0.1
405671,0.21
405672,0.09
405673,0.1
405674,0.14
405675,0.1
405676,0.16
405677,0.12
405679,0.09
405680,0.24
405682,0.13
405683,0.08
405684,0.14
405685,0.19
405687,0.08
405689,0.07
405690,0.1
405691,0.13
405692,0.09
405693,0.09
405695,0.2
405696,0.13
405697,0.13
405698,0.14
405699,0.12
405700,0.24
405701,0.32
405702,0.33
405761,0.24
405765,0.1
405769,0.14
405784,0.15
405811,0.04
405814,0.15
405816,0.15
405818,0.07
405821,0.09
405822,0.1
405838,0.1
405841,0.11
405846,0.17
405855,0.15
405857,0.04
405858,0.24
405860,0.11
405861,0.1
405871,0.07
405879,0.08
405880,0.12
405886,0.14
405901,0.18
405904,0.08
405905,0.07
405906,0.11
405927,0.05
405930,0.2
405944,0.11
405946,0.04
405954,0.19
405963,0.09
405964,0.1
405965,0.07
405966,0.16
405970,0.06
405971,0.12
405992,0.13
405996,0.13
405999,0.19
406002,0.12
406003,0.02
406004,0.07
406005,0.09
406006,0.19
406007,0.19
406008,0.15
406028,0.06
406029,0.06
406043,0.08
406044,0.05
406045,0.11
406046,0.16
406048,0.15
406050,0.12
406051,0.12
406052,0.17
406053,0.14
406077,0.13
406082,0.12
406083,0.21
406084,0.16
406098,0.05
406099,0.16
406100,0.3
406113,0.13
406114,0.15
406115,0.19
406116,0.15
406117,0.11
406127,0.09
406128,0.14
406129,0.17
406132,0.08
406133,0.09
406134,0.14
406135,0.24
406136,0.15
406137,0.18
406138,0.11
406139,0.19
406142,0.13
406143,0.15
406175,0.19
406176,0.1
406177,0.11
406194,0.09
406195,0.13
406208,0.07
406210,0.14
406216,0.11
406217,0.27
406227,0.11
406228,0.12
406253,0.13
406254,0.1
406260,0.1
406267,0.16
406269,0.1
406276,0.25
406277,0.11
406279,0.08
406288,0.13
406297,0.16
406308,0.21
406310,0.24
406320,0.14
406336,0.12
406352,0.06
406365,0.18
406369,0.11
406371,0.2
406401,0.19
406408,0.17
406409,0.1
406475,0.27
406492,0.13
406510,0.15
406519,0.13
406565,0.26
406584,0.08
406596,0.11
406598,0.14
406605,0.2
406609,0.12
406610,0.1
406611,0.07
406654,0.1
406670,0.27
406675,0.16
406681,0.04
406682,0.09
406695,0.06
406697,0.17
406712,0.18
406719,0.09
406725,0.19
406734,0.13
406743,0.23
406778,0.17
406784,0.17
406786,0.16
406791,0.14
406792,0.11
406803,0.19
406812,0.15
406813,0.12
406814,0.12
406841,0.17
406842,0.21
406843,0.16
406848,0.17
406861,0.08
406862,0.26
406863,0.09
406864,0.13
406865,0.22
406871,0.25
406872,0.13
406873,0.1
406893,0.17
406919,0.13
406920,0.16
406921,0.2
406923,0.11
406924,0.17
406925,0.08
406926,0.21
406927,0.22
406936,0.05
406937,0.15
406938,0.08
406939,0.09
406940,0.11
406941,0.05
406952,0.12
406953,0.18
406954,0.17
406962,0.1
406963,0.3
406964,0.1
406965,0.06
406966,0.1
406967,0.04
406968,0.16
406969,0.15
406970,0.12
406971,0.06
406972,0.17
406973,0.14
406974,0.15
406975,0.06
406976,0.1
406977,0.13
406985,0.12
406987,0.13
407025,0.2
407031,0.17
407033,0.16
407039,0.15
407041,0.14
407044,0.06
407046,0.08
407053,0.15
407061,0.14
407069,0.18
407070,0.1
407072,0.12
407073,0.17
407081,0.24
407082,0.05
407088,0.04
407091,0.23
407097,0.05
407104,0.38
407105,0.38
407106,0.14
407121,0.14
407128,0.19
407137,0.11
407144,0.11
407145,0.21
407154,0.13
407162,0.1
407164,0.25
407168,0.27
407203,0.12
407210,0.14
407215,0.13
407218,0.15
407228,0.15
407262,0.1
407274,0.27
407280,0.22
407288,0.13
407298,0.1
407299,0.23
407302,0.15
407303,0.17
407305,0.27
407306,0.23
407307,0.08
407313,0.12
407314,0.1
407315,0.04
407316,0.19
407322,0.18
407323,0.16
407324,0.07
407325,0.12
407329,0.12
407330,0.15
407332,0.09
407333,0.19
407334,0.07
407335,0.16
407336,0.12
407337,0.11
407338,0.1
407339,0.1
407340,0.13
407341,0.24
407342,0.05
407343,0.12
407344,0.14
407345,0.1
407346,0.16
407353,0.09
407364,0.08
407365,0.15
407366,0.11
407370,0.06
407373,0.22
407376,0.14
407386,0.1
407388,0.14
407391,0.13
407393,0.13
407427,0.1
407452,0.15
407454,0.09
407457,0.11
407462,0.1
407463,0.07
407468,0.16
407469,0.18
407478,0.11
407482,0.12
407487,0.16
407489,0.14
407498,0.32
407516,0.3
407519,0.14
407528,0.21
407532,0.2
407534,0.25
407543,0.1
407546,0.19
407550,0.11
407555,0.14
407558,0.14
407587,0.07
407588,0.04
407594,0.25
407596,0.07
407598,0.14
407602,0.15
407605,0.19
407613,0.12
407619,0.22
407625,0.19
407627,0.07
407629,0.12
407631,0.1
407633,0.06
407636,0.2
407645,0.33
407648,0.17
407669,0.05
407674,0.11
407675,0.19
407676,0.12
407677,0.2
407678,0.23
407679,0.12
407680,0.21
407681,0.11
407682,0.13
407684,0.29
407692,0.09
407693,0.17
407694,0.14
407695,0.08
407696,0.13
407697,0.15
407698,0.12
407699,0.13
407702,0.08
407703,0.13
407725,0.16
407726,0.21
407729,0.21
407731,0.04
407745,0.09
407749,0.17
407750,0.21
407751,0.16
407752,0.28
407753,0.19
407754,0.13
407755,0.16
407756,0.15
407765,0.14
407766,0.14
407767,0.09
407768,0.09
407773,0.11
407774,0.17
407778,0.11
407779,0.11
407780,0.24
407781,0.19
407782,0.08
407783,0.13
407784,0.16
407825,0.12
407826,0.07
407828,0.17
407829,0.02
407830,0.3
407831,0.11
407832,0.05
407838,0.11
407839,0.08
407840,0.11
407841,0.14
407842,0.11
407855,0.22
407857,0.1
407881,0.14
407882,0.2
407885,0.09
407915,0.11
407916,0.08
407918,0.31
407919,0.19
407920,0.07
407921,0.06
407922,0.15
407927,0.09
407934,0.07
407941,0.13
407942,0.07
407943,0.14
407944,0.13
407946,0.17
407947,0.13
407952,0.14
407955,0.14
407978,0.13
407986,0.1
408003,0.14
408006,0.03
408008,0.07
408015,0.26
408016,0.22
408028,0.19
408035,0.15
408042,0.08
408044,0.3
408052,0.13
408053,0.16
408056,0.14
408068,0.13
408071,0.11
408074,0.11
408085,0.24
408089,0.08
408091,0.19
408098,0.09
408106,0.07
408108,0.3
408116,0.18
408126,0.08
408130,0.19
408135,0.1
408148,0.09
408168,0.22
408170,0.1
408172,0.16
408176,0.13
408181,0.12
408191,0.17
408194,0.13
408213,0.18
408248,0.04
408249,0.06
408250,0.12
408256,0.32
408261,0.13
408262,0.17
408268,0.37
408269,0.18
408273,0.12
408280,0.14
408286,0.17
408347,0.11
408349,0.16
408350,0.11
408351,0.07
408352,0.09
408355,0.07
408356,0.08
408357,0.14
408384,0.13
408385,0.15
408386,0.23
408387,0.08
408388,0.19
408389,0.15
408390,0.07
408391,0.22
408392,0.24
408393,0.14
408398,0.1
408399,0.09
408400,0.09
408405,0.07
408406,0.07
408437,0.07
408459,0.05
408460,0.22
408463,0.16
408467,0.16
408468,0.16
408471,0.14
408477,0.2
408478,0.12
408479,0.15
408481,0.08
408482,0.09
408483,0.05
408484,0.06
408485,0.19
408486,0.11
408489,0.23
408490,0.1
408504,0.12
408506,0.14
408508,0.06
408514,0.04
408515,0.08
408516,0.19
408517,0.2
408518,0.1
408523,0.1
408524,0.06
408525,0.08
408526,0.15
408531,0.08
408579,0.05
408580,0.13
408581,0.04
408599,0.24
408615,0.16
408616,0.13
408617,0.09
408619,0.06
408622,0.15
408624,0.17
408625,0.07
408626,0.1
408627,0.06
408651,0.07
408658,0.05
408659,0.17
408660,0.18
408661,0.12
408662,0.14
408688,0.06
408689,0.29
408690,0.1
408695,0.09
408696,0.09
408701,0.19
408702,0.11
408705,0.08
408728,0.22
408742,0.16
408759,0.07
408766,0.2
408768,0.11
408774,0.11
408775,0.16
408780,0.11
408790,0.18
408791,0.15
408792,0.09
408794,0.13
408797,0.15
408808,0.1
408830,0.14
408857,0.06
408863,0.16
408874,0.29
408880,0.13
408885,0.15
408890,0.12
408898,0.1
408902,0.08
408903,0.1
408905,0.15
408908,0.11
408911,0.13
408921,0.13
408932,0.11
408933,0.26
408935,0.4
408960,0.16
408968,0.07
408985,0.1
408986,0.14
408990,0.12
408993,0.21
409001,0.1
409003,0.11
409008,0.16
409010,0.1
409015,0.03
409017,0.1
409028,0.05
409034,0.14
409035,0.06
409041,0.12
409054,0.05
409057,0.12
409064,0.17
409065,0.24
409066,0.16
409068,0.11
409076,0.08
409080,0.09
409083,0.05
409084,0.16
409085,0.12
409088,0.1
409105,0.25
409121,0.09
409123,0.39
409133,0.11
409153,0.08
409156,0.09
409157,0.38
409158,0.1
409163,0.16
409167,0.23
409168,0.19
409169,0.12
409172,0.18
409173,0.11
409174,0.02
409175,0.03
409192,0.3
409193,0.27
409197,0.13
409204,0.1
409206,0.04
409208,0.1
409209,0.16
409212,0.13
409213,0.05
409214,0.33
409217,0.16
409218,0.07
409220,0.11
409221,0.07
409227,0.12
409228,0.09
409229,0.12
409230,0.29
409259,0.15
409261,0.08
409269,0.2
409277,0.1
409278,0.1
409285,0.23
409286,0.12
409287,0.17
409293,0.08
409297,0.09
409298,0.05
409299,0.08
409340,0.16
409377,0.12
409383,0.1
409384,0.11
409409,0.13
409412,0.11
409413,0.13
409414,0.18
409415,0.05
409423,0.15
409428,0.16
409429,0.06
409430,0.16
409431,0.09
409432,0.21
409433,0.06
409434,0.11
409442,0.17
409443,0.31
409446,0.09
409463,0.08
409482,0.06
409507,0.2
409508,0.16
409509,0.31
409514,0.22
409535,0.08
409536,0.1
409537,0.1
409538,0.09
409541,0.11
409542,0.12
409543,0.09
409545,0.17
409550,0.08
409551,0.06
409552,0.16
409553,0.28
409558,0.15
409563,0.06
409574,0.13
409607,0.06
409608,0.35
409628,0.08
409632,0.22
409633,0.22
409636,0.18
409676,0.13
409691,0.14
409694,0.14
409707,0.1
409723,0.11
409741,0.11
409743,0.12
409747,0.14
409773,0.2
409777,0.19
409778,0.2
409804,0.09
409805,0.06
409812,0.08
409817,0.1
409836,0.13
409846,0.14
409850,0.26
409852,0.09
409861,0.28
409864,0.16
409871,0.19
409891,0.1
409896,0.06
409917,0.16
409918,0.17
409923,0.12
409941,0.08
409949,0.17
409953,0.13
409958,0.07
409972,0.13
409979,0.28
409983,0.14
409984,0.13
409985,0.05
409986,0.2
409994,0.32
409999,0.16
410019,0.15
410024,0.1
410025,0.02
410039,0.17
410044,0.19
410045,0.1
410046,0.09
410047,0.11
410048,0.11
410065,0.09
410066,0.23
410073,0.06
410087,0.07
410089,0.26
410092,0.1
410093,0.23
410094,0.09
410095,0.08
410096,0.21
410101,0.19
410102,0.22
410103,0.17
410107,0.05
410110,0.09
410111,0.11
410112,0.29
410142,0.12
410143,0.13
410161,0.23
410162,0.12
410165,0.15
410166,0.18
410167,0.21
410184,0.19
410185,0.19
410186,0.16
410187,0.1
410223,0.14
410256,0.31
410257,0.14
410258,0.11
410259,0.03
410269,0.17
410270,0.11
410273,0.12
410274,0.19
410275,0.1
410276,0.22
410277,0.15
410295,0.05
410296,0.07
410297,0.11
410298,0.14
410300,0.1
410301,0.12
410302,0.17
410303,0.17
410304,0.17
410305,0.13
410306,0.16
410307,0.1
410308,0.12
410309,0.1
410316,0.07
410317,0.2
410358,0.09
410359,0.07
410360,0.19
410368,0.2
410369,0.12
410370,0.05
410372,0.1
410373,0.08
410378,0.31
410379,0.15
410380,0.16
410387,0.28
410388,0.26
410389,0.07
410390,0.07
410405,0.09
410411,0.11
410416,0.06
410418,0.14
410424,0.18
410429,0.18
410438,0.14
410442,0.06
410448,0.05
410456,0.05
410464,0.08
410467,0.13
410473,0.17
410476,0.13
410479,0.15
410499,0.18
410526,0.17
410528,0.11
410546,0.23
410564,0.14
410567,0.12
410571,0.16
410572,0.22
410573,0.12
410577,0.14
410581,0.21
410587,0.08
410588,0.06
410595,0.11
410602,0.09
410606,0.28
410616,0.13
410624,0.25
410626,0.22
410637,0.16
410660,0.13
410661,0.08
410663,0.07
410664,0.14
410669,0.18
410675,0.17
410679,0.14
410684,0.1
410689,0.08
410693,0.13
410697,0.1
410698,0.09
410699,0.08
410706,0.1
410710,0.16
410712,0.15
410716,0.18
410725,0.09
410735,0.22
410742,0.14
410745,0.1
410746,0.09
410751,0.15
410753,0.14
410759,0.17
410761,0.24
410770,0.07
410778,0.04
410784,0.12
410786,0.13
410789,0.11
410800,0.15
410811,0.11
410813,0.1
410821,0.17
410822,0.11
410879,0.12
410880,0.16
410900,0.15
410901,0.24
410908,0.09
410909,0.06
410910,0.13
410911,0.19
410912,0.17
410913,0.11
410914,0.19
410915,0.11
410916,0.17
410917,0.08
410918,0.11
410919,0.16
410922,0.16
410923,0.15
410940,0.12
410955,0.09
410956,0.25
410959,0.23
410960,0.17
410961,0.15
410962,0.19
410963,0.29
410964,0.1
410968,0.09
410970,0.09
410971,0.11
410972,0.11
410975,0.05
410994,0.16
410999,0.21
411011,0.24
411012,0.1
411014,0.29
411021,0.07
411022,0.39
411023,0.25
411024,0.22
411025,0.11
411026,0.22
411027,0.24
411028,0.11
411030,0.21
411031,0.12
411032,0.13
411033,0.18
411049,0.16
411050,0.09
411051,0.12
411052,0.11
411073,0.13
411074,0.12
411076,0.13
411080,0.09
411081,0.15
411082,0.11
411093,0.18
411094,0.32
411095,0.06
411099,0.13
411102,0.07
411103,0.21
411112,0.07
411114,0.15
411115,0.09
411116,0.09
411168,0.15
411169,0.4
411170,0.13
411189,0.08
411190,0.25
411195,0.17
411196,0.24
411197,0.09
411205,0.09
411206,0.12
411215,0.21
411216,0.06
411217,0.13
411218,0.14
411222,0.1
411238,0.05
411239,0.1
411240,0.21
411248,0.11
411274,0.05
411275,0.09
411293,0.14
411299,0.14
411300,0.17
411301,0.11
411302,0.1
411305,0.17
411309,0.11
411334,0.09
411343,0.16
411349,0.11
411360,0.08
411363,0.09
411364,0.08
411384,0.18
411402,0.16
411424,0.15
411425,0.1
411430,0.32
411432,0.2
411434,0.08
411447,0.1
411450,0.08
411452,0.22
411463,0.17
411467,0.1
411474,0.13
411478,0.11
411480,0.12
411481,0.07
411502,0.2
411509,0.12
411511,0.29
411515,0.17
411516,0.13
411532,0.08
411565,0.07
411570,0.08
411600,0.18
411608,0.17
411613,0.07
411614,0.06
411620,0.07
411634,0.08
411639,0.08
411645,0.16
411648,0.06
411660,0.12
411668,0.1
411672,0.13
411673,0.1
411674,0.3
411675,0.13
411676,0.07
411677,0.19
411715,0.06
411718,0.09
411719,0.22
411720,0.1
411730,0.14
411731,0.12
411740,0.14
411746,0.13
411748,0.08
411749,0.09
411752,0.11
411753,0.09
411754,0.08
411755,0.08
411767,0.12
411768,0.13
411819,0.25
411826,0.15
411827,0.15
411841,0.12
411842,0.38
411843,0.18
411844,0.13
411845,0.17
411846,0.18
411850,0.2
411852,0.09
411853,0.18
411854,0.08
411855,0.1
411856,0.17
411860,0.16
411883,0.04
411938,0.09
411939,0.23
411940,0.16
411957,0.28
411958,0.21
411959,0.07
411963,0.03
411969,0.06
411970,0.08
411971,0.11
411972,0.13
411973,0.09
411974,0.07
411975,0.17
411977,0.12
411978,0.24
411979,0.27
412004,0.17
412008,0.05
412009,0.2
412010,0.09
412030,0.16
412031,0.18
412032,0.13
412036,0.05
412038,0.1
412047,0.09
412049,0.32
412082,0.06
412092,0.12
412098,0.24
412101,0.17
412108,0.28
412111,0.2
412119,0.16
412128,0.15
412139,0.14
412152,0.23
412154,0.08
412178,0.28
412180,0.11
412193,0.08
412199,0.12
412204,0.25
412206,0.14
412207,0.14
412211,0.2
412220,0.18
412221,0.12
412229,0.1
412234,0.08
412235,0.04
412236,0.17
412251,0.14
412262,0.12
412270,0.22
412280,0.11
412289,0.16
412305,0.16
412310,0.11
412345,0.11
412348,0.09
412361,0.13
412367,0.15
412368,0.21
412370,0.26
412372,0.24
412377,0.19
412380,0.09
412382,0.08
412391,0.08
412393,0.1
412411,0.26
412412,0.19
412415,0.21
412416,0.19
412422,0.21
412428,0.23
412430,0.14
412436,0.25
412447,0.08
412451,0.07
412456,0.11
412470,0.15
412472,0.15
412478,0.07
412487,0.14
412490,0.18
412494,0.16
412516,0.16
412519,0.17
412525,0.18
412527,0.23
412528,0.06
412551,0.19
412552,0.1
412557,0.1
412558,0.12
412559,0.1
412561,0.12
412563,0.03
412564,0.17
412565,0.17
412593,0.11
412598,0.18
412602,0.11
412610,0.14
412611,0.23
412612,0.1
412613,0.12
412621,0.13
412622,0.07
412623,0.13
412624,0.24
412637,0.12
412638,0.27
412639,0.27
412640,0.08
412641,0.07
412642,0.15
412643,0.1
412644,0.1
412651,0.18
412667,0.15
412669,0.18
412686,0.14
412712,0.14
412713,0.18
412714,0.04
412715,0.03
412720,0.14
412728,0.11
412738,0.1
412739,0.11
412740,0.19
412741,0.13
412753,0.04
412754,0.1
412762,0.06
412764,0.14
412765,0.13
412775,0.1
412776,0.12
412777,0.06
412778,0.35
412800,0.11
412801,0.15
412802,0.15
412829,0.08
412854,0.24
412855,0.06
412861,0.15
412862,0.15
412863,0.09
412883,0.14
412884,0.07
412886,0.23
412898,0.1
412899,0.15
412900,0.04
412922,0.13
412941,0.12
412959,0.11
412967,0.11
412980,0.23
412997,0.06
413016,0.13
413017,0.28
413027,0.07
413034,0.12
413038,0.23
413054,0.02
413059,0.18
413065,0.08
413073,0.08
413075,0.35
413081,0.19
413089,0.28
413091,0.21
413094,0.08
413104,0.15
413107,0.25
413110,0.27
413113,0.18
413117,0.11
413124,0.09
413126,0.12
413137,0.14
413145,0.11
413146,0.11
413147,0.09
413150,0.09
413159,0.15
413160,0.11
413172,0.15
413179,0.06
413181,0.08
413185,0.12
413188,0.25
413197,0.05
413208,0.18
413215,0.07
413216,0.1
413219,0.08
413232,0.1
413237,0.14
413243,0.27
413249,0.08
413262,0.11
413263,0.2
413271,0.14
413274,0.15
413280,0.11
413296,0.17
413299,0.24
413303,0.1
413320,0.07
413324,0.15
413325,0.1
413335,0.12
413341,0.27
413342,0.12
413351,0.19
413352,0.12
413359,0.11
413373,0.26
413374,0.25
413375,0.12
413376,0.16
413377,0.2
413383,0.16
413384,0.21
413392,0.13
413393,0.21
413395,0.1
413424,0.14
413425,0.1
413457,0.08
413458,0.08
413459,0.22
413460,0.06
413465,0.11
413466,0.2
413467,0.17
413468,0.13
413475,0.21
413476,0.09
413477,0.25
413478,0.17
413479,0.1
413489,0.21
413491,0.18
413492,0.17
413493,0.07
413494,0.17
413495,0.16
413498,0.15
413499,0.26
413545,0.11
413549,0.11
413550,0.13
413551,0.08
413552,0.23
413553,0.13
413554,0.09
413558,0.16
413559,0.24
413562,0.15
413563,0.09
413564,0.06
413592,0.15
413593,0.08
413594,0.09
413595,0.09
413596,0.19
413597,0.17
413604,0.19
413605,0.15
413606,0.05
413607,0.11
413616,0.18
413617,0.08
413618,0.16
413625,0.14
413626,0.21
413627,0.1
413628,0.07
413629,0.08
413630,0.08
413631,0.18
413632,0.11
413633,0.2
413634,0.18
413635,0.3
413636,0.14
413644,0.08
413645,0.14
413646,0.11
413683,0.14
413685,0.08
413686,0.36
413690,0.11
413691,0.09
413692,0.09
413693,0.18
413694,0.12
413695,0.03
413696,0.13
413702,0.11
413707,0.1
413708,0.18
413709,0.16
413730,0.18
413731,0.15
413732,0.1
413733,0.17
413734,0.18
413736,0.1
413748,0.17
413749,0.14
413751,0.35
413752,0.16
413754,0.07
413755,0.32
413756,0.13
413757,0.13
413758,0.2
413759,0.15
413760,0.11
413764,0.08
413765,0.11
413766,0.13
413767,0.19
413768,0.17
413769,0.04
413770,0.08
413776,0.08
413777,0.08
413778,0.1
413797,0.18
413824,0.13
413828,0.16
413831,0.09
413834,0.17
413841,0.07
413848,0.08
413850,0.19
413851,0.09
413857,0.06
413860,0.15
413867,0.17
413868,0.23
413871,0.14
413878,0.12
413882,0.09
413885,0.1
413886,0.15
413892,0.21
413896,0.29
413897,0.16
413917,0.16
413921,0.08
413934,0.32
413941,0.05
413953,0.06
413958,0.18
413967,0.16
413971,0.12
413975,0.11
413978,0.16
413983,0.16
413984,0.04
413989,0.18
413992,0.1
414001,0.17
414002,0.07
414003,0.15
414007,0.18
414008,0.15
414016,0.23
414022,0.09
414026,0.17
414041,0.16
414042,0.32
414045,0.12
414047,0.16
414050,0.31
414061,0.1
414068,0.19
414076,0.09
414093,0.06
414102,0.18
414109,0.11
414117,0.1
414144,0.11
414149,0.11
414160,0.11
414166,0.39
414171,0.22
414172,0.11
414183,0.15
414186,0.12
414192,0.13
414194,0.13
414203,0.31
414206,0.09
414207,0.06
414229,0.11
414231,0.11
414248,0.11
414251,0.13
414252,0.1
414253,0.3
414254,0.18
414255,0.17
414262,0.08
414265,0.25
414266,0.1
414267,0.04
414269,0.13
414270,0.13
414271,0.08
414272,0.18
414273,0.12
414275,0.11
414323,0.25
414324,0.12
414328,0.11
414329,0.17
414333,0.12
414341,0.12
414357,0.11
414358,0.08
414359,0.07
414362,0.18
414363,0.14
414368,0.1
414372,0.08
414375,0.09
414376,0.09
414382,0.12
414383,0.11
414480,0.11
414481,0.26
414484,0.23
414485,0.09
414486,0.12
414487,0.06
414488,0.17
414489,0.09
414492,0.1
414493,0.25
414497,0.12
414501,0.21
414543,0.22
414544,0.2
414559,0.1
414560,0.19
414561,0.11
414573,0.09
414574,0.13
414575,0.17
414577,0.15
414584,0.31
414585,0.08
414586,0.23
414590,0.09
414591,0.11
414593,0.14
414597,0.16
414598,0.28
414621,0.14
414635,0.21
414639,0.14
414640,0.14
414648,0.11
414656,0.09
414659,0.23
414660,0.12
414663,0.17
414683,0.11
414691,0.18
414700,0.15
414705,0.09
414708,0.15
414711,0.11
414712,0.09
414716,0.2
414720,0.12
414733,0.1
414740,0.06
414748,0.13
414767,0.25
414771,0.22
414779,0.14
414785,0.22
414787,0.11
414793,0.07
414816,0.05
414830,0.15
414831,0.26
414859,0.12
414864,0.11
414867,0.18
414871,0.12
414879,0.1
414892,0.2
414895,0.09
414911,0.13
414915,0.16
414922,0.11
414939,0.07
414945,0.14
414960,0.17
414969,0.12
414973,0.07
414979,0.11
414985,0.16
414992,0.12
414996,0.16
415000,0.12
415001,0.08
415005,0.09
415024,0.21
415038,0.15
415041,0.16
415049,0.24
415055,0.11
415061,0.24
415064,0.15
415069,0.18
415070,0.08
415071,0.09
415072,0.1
415074,0.07
415078,0.17
415079,0.06
415080,0.15
415081,0.25
415082,0.15
415085,0.14
415086,0.12
415089,0.13
415090,0.18
415091,0.08
415092,0.11
415095,0.08
415100,0.21
415101,0.06
415102,0.16
415103,0.1
415104,0.05
415106,0.13
415107,0.22
415108,0.24
415109,0.33
415110,0.18
415111,0.12
415113,0.07
415114,0.05
415115,0.19
415116,0.09
415117,0.09
415118,0.27
415119,0.35
415120,0.08
415121,0.15
415122,0.3
415123,0.17
415124,0.3
415126,0.24
415152,0.08
415205,0.18
415209,0.07
415326,0.08
415409,0.12
415414,0.15
415430,0.11
415466,0.1
415467,0.17
415473,0.09
415474,0.05
415479,0.09
415480,0.13
415486,0.08
415488,0.17
415489,0.12
415490,0.11
415493,0.11
415494,0.09
415497,0.07
415498,0.14
415499,0.14
415505,0.1
415506,0.14
415509,0.12
415511,0.15
415514,0.12
415517,0.04
415519,0.15
415521,0.37
415522,0.1
415523,0.09
415525,0.16
415527,0.09
415529,0.08
415531,0.15
415533,0.18
415534,0.14
415536,0.11
415537,0.18
415539,0.15
415540,0.04
415541,0.21
415542,0.21
415543,0.07
415544,0.06
415545,0.24
415546,0.24
415547,0.17
415548,0.15
415549,0.09
415550,0.13
415652,0.19
415654,0.09
415686,0.2
415687,0.19
415695,0.06
415698,0.11
415701,0.15
415705,0.16
415707,0.16
415709,0.11
415712,0.13
415718,0.1
415724,0.12
415729,0.13
415730,0.18
415731,0.11
415733,0.09
415736,0.06
415737,0.11
415738,0.29
415741,0.08
415742,0.19
415743,0.14
415744,0.11
415745,0.12
415746,0.1
415747,0.18
415749,0.07
415750,0.08
415751,0.25
415752,0.1
415753,0.27
415754,0.1
415755,0.12
415756,0.16
415757,0.18
415850,0.2
415874,0.07
415930,0.14
415962,0.23
415994,0.25
415995,0.1
416088,0.12
416129,0.22
416228,0.07
416229,0.06
416239,0.16
416243,0.15
416245,0.13
416253,0.12
416263,0.1
416264,0.13
416265,0.1
416269,0.17
416272,0.11
416273,0.17
416274,0.22
416275,0.25
416276,0.19
416277,0.15
416278,0.18
416280,0.11
416283,0.06
416287,0.16
416288,0.15
416291,0.12
416292,0.12
416294,0.22
416295,0.18
416296,0.05
416300,0.06
416301,0.14
416302,0.21
416303,0.19
416305,0.22
416306,0.16
416307,0.08
416309,0.12
416310,0.3
416311,0.14
416312,0.15
416313,0.38
416314,0.07
416315,0.08
416316,0.15
416426,0.05
416435,0.07
416444,0.07
416477,0.16
416484,0.1
416488,0.13
416502,0.07
416542,0.25
416582,0.11
416647,0.12
416658,0.06
416659,0.15
416675,0.09
416676,0.24
416696,0.26
416721,0.13
416729,0.07
416743,0.12
416744,0.16
416761,0.06
416793,0.11
416826,0.04
416848,0.08
416850,0.22
416860,0.21
416861,0.17
416862,0.12
416865,0.14
416870,0.25
416871,0.16
416872,0.18
416874,0.21
416877,0.09
416879,0.1
416881,0.2
416882,0.15
416883,0.12
416884,0.07
416885,0.11
416886,0.22
416887,0.17
416888,0.22
416890,0.13
416893,0.12
416894,0.13
416895,0.14
416896,0.19
416897,0.18
416899,0.24
416900,0.14
416901,0.14
416902,0.06
416903,0.1
417043,0.18
417159,0.07
417182,0.18
417183,0.08
417187,0.06
417209,0.1
417226,0.35
417228,0.25
417232,0.11
417234,0.04
417241,0.12
417245,0.04
417246,0.05
417247,0.21
417250,0.27
417251,0.16
417253,0.09
417254,0.15
417255,0.16
417256,0.25
417257,0.13
417258,0.14
417259,0.07
417260,0.23
417261,0.07
417263,0.16
417264,0.11
417265,0.2
417266,0.12
417267,0.08
417268,0.1
417338,0.18
417342,0.19
417349,0.06
417382,0.12
417388,0.13
417389,0.14
417393,0.11
417395,0.13
417397,0.1
417398,0.06
417401,0.09
417403,0.15
417406,0.1
417407,0.22
417408,0.29
417409,0.14
417411,0.19
417412,0.12
417414,0.14
417416,0.25
417417,0.09
417420,0.07
417421,0.19
417422,0.27
417423,0.08
417426,0.11
417427,0.13
417428,0.1
417429,0.14
417430,0.17
417431,0.07
417432,0.15
417433,0.2
417435,0.11
417436,0.1
417438,0.14
417439,0.12
417440,0.1
417441,0.12
417442,0.16
417443,0.17
417444,0.06
417445,0.15
417446,0.12
417447,0.2
417448,0.1
417449,0.28
417450,0.16
417451,0.2
417452,0.2
417453,0.21
417454,0.1
417455,0.19
417456,0.13
417457,0.03
417513,0.08
417544,0.42
417555,0.19
417567,0.1
417612,0.14
417625,0.1
417626,0.14
417627,0.14
417648,0.13
417735,0.08
417736,0.14
417749,0.09
417778,0.09
417863,0.08
417893,0.09
417895,0.09
417903,0.21
417910,0.17
417915,0.25
417925,0.1
417927,0.06
417940,0.22
417949,0.13
417950,0.1
417952,0.19
417956,0.19
417969,0.15
417970,0.06
417974,0.14
417975,0.11
417976,0.19
417980,0.09
417982,0.15
417983,0.06
417987,0.13
417988,0.27
417989,0.07
417990,0.27
417993,0.19
417994,0.18
417995,0.09
417996,0.13
417997,0.1
417998,0.25
417999,0.15
418000,0.14
418001,0.18
418002,0.16
418003,0.17
418004,0.16
418005,0.18
418006,0.09
418009,0.25
418011,0.26
418012,0.13
418013,0.15
418014,0.21
418015,0.26
418029,0.21
418030,0.19
418132,0.12
418217,0.16
418222,0.1
418237,0.14
418272,0.2
418343,0.16
418344,0.15
418345,0.13
418386,0.2
418387,0.13
418402,0.14
418436,0.08
418456,0.2
418458,0.13
418460,0.09
418487,0.04
418514,0.18
418519,0.06
418532,0.08
418539,0.12
418549,0.08
418555,0.09
418556,0.3
418558,0.16
418559,0.16
418562,0.05
418568,0.35
418576,0.12
418578,0.14
418580,0.17
418581,0.07
418582,0.13
418584,0.14
418585,0.07
418587,0.18
418591,0.18
418592,0.07
418593,0.11
418595,0.09
418596,0.18
418597,0.08
418598,0.12
418599,0.14
418600,0.1
418601,0.14
418602,0.16
418603,0.19
418604,0.14
418606,0.31
418607,0.13
418608,0.14
418609,0.15
418610,0.15
418611,0.27
418612,0.16
418613,0.12
418614,0.14
418615,0.16
418616,0.13
418618,0.23
418651,0.07
418652,0.08
418653,0.2
418658,0.13
418692,0.22
418749,0.29
418820,0.21
418843,0.17
418863,0.14
418915,0.17
418938,0.34
418957,0.11
419024,0.21
419061,0.07
419063,0.09
419076,0.2
419093,0.13
419131,0.16
419132,0.09
419138,0.09
419139,0.15
419141,0.16
419142,0.08
419143,0.07
419145,0.07
419149,0.16
419151,0.09
419152,0.1
419153,0.1
419154,0.13
419155,0.08
419156,0.11
419157,0.13
419158,0.3
419159,0.25
419162,0.06
419163,0.08
419165,0.26
419168,0.12
419169,0.12
419170,0.13
419171,0.25
419172,0.16
419173,0.07
419174,0.14
419175,0.09
419176,0.18
419177,0.22
419178,0.14
419270,0.19
419305,0.11
419330,0.06
419485,0.13
419491,0.08
419499,0.25
419513,0.24
419514,0.15
419535,0.15
419538,0.08
419582,0.27
419601,0.07
419611,0.19
419644,0.25
419648,0.11
419649,0.1
419656,0.12
419671,0.11
419677,0.16
419685,0.19
419688,0.14
419689,0.09
419690,0.09
419691,0.17
419698,0.16
419699,0.15
419701,0.17
419703,0.18
419704,0.15
419705,0.22
419746,0.21
419750,0.1
419767,0.09
419775,0.09
419783,0.13
419787,0.21
419788,0.13
419790,0.15
419791,0.16
419792,0.08
419794,0.19
419795,0.19
419797,0.12
419798,0.06
419799,0.15
419804,0.13
419805,0.22
419806,0.14
419808,0.11
419810,0.14
419811,0.03
419812,0.22
419815,0.18
419816,0.16
419817,0.09
419818,0.24
419820,0.07
419821,0.2
419824,0.2
419825,0.08
419826,0.1
419827,0.06
419828,0.05
419829,0.08
419830,0.34
419831,0.1
419832,0.24
419833,0.13
419834,0.12
419835,0.12
419836,0.1
419837,0.13
419838,0.07
419839,0.12
419840,0.12
419841,0.23
419842,0.22
419843,0.22
419913,0.26
419916,0.15
419955,0.12
419956,0.16
419992,0.08
420150,0.09
420160,0.19
420190,0.09
420195,0.23
420204,0.06
420207,0.07
420210,0.11
420214,0.13
420218,0.07
420219,0.11
420220,0.19
420242,0.14
420249,0.1
420254,0.13
420255,0.07
420258,0.11
420260,0.05
420263,0.18
420265,0.07
420271,0.13
420273,0.19
420274,0.11
420275,0.15
420277,0.11
420278,0.21
420279,0.14
420280,0.13
420281,0.11
420283,0.19
420284,0.17
420285,0.13
420286,0.07
420287,0.17
420288,0.13
420290,0.09
420291,0.07
420293,0.12
420294,0.13
420295,0.11
420296,0.08
420297,0.24
420298,0.07
420299,0.11
420300,0.08
420344,0.09
420345,0.23
420347,0.1
420348,0.29
420349,0.14
420350,0.09
420351,0.12
420352,0.11
420353,0.12
420354,0.17
420355,0.16
420356,0.14
420357,0.05
420358,0.2
420359,0.07
420360,0.1
420361,0.05
420362,0.14
420363,0.12
420364,0.26
420365,0.1
420366,0.13
420383,0.1
420436,0.3
420446,0.12
420554,0.17
420565,0.11
420569,0.11
420573,0.12
420574,0.14
420587,0.15
420589,0.16
420593,0.21
420594,0.11
420595,0.21
420598,0.13
420601,0.09
420602,0.26
420603,0.13
420607,0.13
420611,0.1
420613,0.12
420614,0.18
420615,0.15
420616,0.09
420617,0.24
420618,0.1
420619,0.12
420620,0.03
420621,0.19
420622,0.13
420623,0.18
420624,0.09
420625,0.07
420626,0.24
420627,0.17
420628,0.1
420629,0.06
420631,0.08
420633,0.18
420634,0.11
420635,0.18
420636,0.13
420637,0.16
420662,0.13
420727,0.07
420728,0.09
420733,0.26
420787,0.08
420789,0.13
420792,0.15
420797,0.18
420814,0.14
420833,0.27
420839,0.1
420841,0.1
420843,0.12
420844,0.17
420847,0.16
420849,0.09
420851,0.19
420853,0.14
420854,0.2
420855,0.12
420856,0.08
420857,0.15
420858,0.12
420859,0.11
420860,0.34
420861,0.12
420862,0.1
420863,0.16
420864,0.21
420866,0.27
420867,0.05
420868,0.11
420869,0.18
420870,0.06
420871,0.14
420872,0.19
420873,0.1
420874,0.12
420875,0.18
420876,0.14
420878,0.1
420879,0.17
420880,0.07
420881,0.21
420882,0.09
420883,0.18
420884,0.19
420885,0.07
420886,0.09
420887,0.15
420888,0.11
420905,0.11
421015,0.09
421200,0.17
421269,0.14
421272,0.09
421290,0.3
421323,0.26
421342,0.04
421349,0.1
421355,0.12
421356,0.2
421363,0.2
421365,0.22
421381,0.18
421383,0.11
421386,0.21
421394,0.08
421395,0.15
421399,0.2
421431,0.24
421467,0.25
421554,0.14
421557,0.14
421558,0.16
421562,0.17
421614,0.24
421690,0.06
421758,0.41
421776,0.12
421827,0.23
421828,0.15
421829,0.16
421848,0.11
421862,0.11
421863,0.1
421868,0.07
421884,0.13
421921,0.18
421924,0.17
421958,0.21
421961,0.05
421964,0.13
421968,0.13
421974,0.23
421975,0.05
421977,0.18
421978,0.31
421979,0.05
421980,0.2
421982,0.12
421985,0.09
421986,0.15
421987,0.05
421988,0.07
421989,0.17
421990,0.17
421991,0.09
421993,0.09
421994,0.08
421996,0.45
421997,0.07
421998,0.13
421999,0.28
422000,0.19
422001,0.17
422002,0.14
422004,0.17
422005,0.2
422007,0.32
422008,0.13
422010,0.16
422011,0.07
422012,0.07
422014,0.14
422015,0.17
422016,0.07
422017,0.14
422018,0.18
422019,0.13
422039,0.07
422041,0.1
422042,0.09
422043,0.08
422044,0.13
422045,0.08
422047,0.18
422048,0.14
422049,0.12
422050,0.16
422051,0.23
422053,0.13
422054,0.09
422055,0.16
422056,0.18
422057,0.2
422058,0.12
422059,0.13
422060,0.09
422063,0.17
422064,0.1
422065,0.11
422066,0.1
422067,0.09
422068,0.08
422069,0.12
422070,0.13
422071,0.04
422072,0.11
422074,0.13
422152,0.05
422210,0.14
422227,0.19
422308,0.12
422339,0.13
422368,0.11
422391,0.09
422407,0.1
422485,0.06
422491,0.2
422506,0.1
422508,0.15
422512,0.08
422513,0.14
422514,0.07
422518,0.11
422519,0.14
422523,0.13
422524,0.25
422525,0.09
422526,0.05
422527,0.21
422531,0.34
422533,0.06
422534,0.11
422536,0.14
422537,0.13
422538,0.21
422540,0.2
422541,0.36
422543,0.2
422544,0.2
422545,0.17
422546,0.09
422547,0.17
422548,0.16
422549,0.15
422550,0.13
422551,0.11
422552,0.17
422553,0.16
422554,0.16
422555,0.29
422556,0.12
422639,0.09
422667,0.19
422734,0.2
422748,0.15
422749,0.22
422796,0.16
422810,0.06
422839,0.12
422850,0.19
422891,0.15
422940,0.11
422962,0.16
422964,0.18
423009,0.18
423022,0.07
423041,0.16
423046,0.19
423052,0.13
423055,0.17
423061,0.12
423075,0.16
423076,0.16
423077,0.16
423081,0.28
423083,0.18
423087,0.1
423089,0.09
423091,0.1
423098,0.08
423105,0.12
423106,0.13
423107,0.16
423114,0.24
423116,0.11
423120,0.13
423121,0.12
423125,0.14
423132,0.12
423133,0.08
423134,0.29
423135,0.13
423137,0.07
423138,0.11
423139,0.22
423140,0.15
423141,0.16
423143,0.09
423144,0.09
423145,0.07
423146,0.21
423147,0.1
423148,0.13
423149,0.08
423150,0.07
423151,0.14
423152,0.02
423153,0.15
423154,0.12
423155,0.09
423156,0.14
423157,0.15
423158,0.19
423159,0.17
423228,0.15
423237,0.14
423386,0.26
423416,0.31
423417,0.15
423489,0.09
423503,0.2
423522,0.13
423571,0.18
423574,0.08
423580,0.1
423621,0.23
423622,0.2
423624,0.09
423629,0.11
423631,0.14
423648,0.17
423651,0.12
423652,0.18
423658,0.13
423663,0.1
423664,0.04
423665,0.23
423668,0.19
423670,0.13
423671,0.25
423672,0.15
423679,0.1
423681,0.15
423687,0.18
423688,0.2
423690,0.22
423691,0.05
423693,0.19
423696,0.13
423698,0.25
423699,0.19
423700,0.16
423701,0.13
423702,0.21
423703,0.07
423704,0.14
423706,0.17
423707,0.12
423708,0.09
423709,0.19
423710,0.15
423711,0.11
423712,0.22
423713,0.07
423714,0.44
423715,0.04
423717,0.13
423718,0.11
423719,0.11
423720,0.13
423721,0.13
423722,0.11
423723,0.13
423724,0.11
423726,0.09
423730,0.08
423734,0.06
423735,0.13
423736,0.15
423737,0.14
423738,0.2
423739,0.13
423740,0.09
423741,0.09
423742,0.12
423743,0.11
423746,0.09
423747,0.06
423748,0.23
423749,0.07
423750,0.2
423751,0.11
423752,0.09
423753,0.25
423754,0.02
423755,0.09
423756,0.11
423800,0.11
423894,0.13
423938,0.32
423939,0.21
423940,0.13
423947,0.09
423957,0.33
423959,0.25
423966,0.27
423968,0.13
423972,0.06
423978,0.12
423979,0.2
423982,0.31
423983,0.21
423986,0.08
423990,0.09
423993,0.08
423994,0.09
423996,0.07
423998,0.2
423999,0.21
424000,0.06
424001,0.17
424002,0.09
424003,0.21
424004,0.13
424005,0.1
424006,0.24
424007,0.12
424008,0.2
424009,0.06
424010,0.17
424011,0.12
424012,0.11
424013,0.13
424014,0.21
424015,0.14
424016,0.15
424161,0.15
424189,0.21
424192,0.08
424198,0.14
424202,0.09
424203,0.04
424207,0.3
424208,0.08
424211,0.12
424214,0.12
424215,0.1
424216,0.05
424220,0.08
424222,0.15
424223,0.12
424232,0.13
424234,0.11
424235,0.14
424236,0.12
424241,0.09
424244,0.14
424245,0.28
424246,0.11
424248,0.27
424249,0.17
424251,0.12
424252,0.16
424253,0.12
424254,0.2
424255,0.11
424256,0.18
424257,0.08
424258,0.21
424259,0.21
424260,0.07
424261,0.15
424262,0.09
424264,0.13
424265,0.1
424266,0.19
424267,0.08
424268,0.1
424270,0.25
424271,0.15
424272,0.12
424273,0.1
424274,0.13
424275,0.11
424320,0.21
424354,0.09
424359,0.11
424360,0.16
424361,0.21
424362,0.15
424363,0.07
424364,0.13
424365,0.09
424491,0.11
424576,0.2
424639,0.1
424640,0.1
424653,0.13
424672,0.13
424708,0.09
424724,0.15
424725,0.21
424734,0.23
424755,0.09
424758,0.08
424765,0.1
424770,0.16
424773,0.2
424780,0.06
424784,0.11
424791,0.11
424797,0.15
424800,0.06
424807,0.08
424809,0.1
424812,0.12
424813,0.13
424816,0.13
424817,0.04
424820,0.21
424822,0.12
424823,0.16
424825,0.18
424826,0.26
424827,0.09
424828,0.18
424830,0.08
424831,0.06
424832,0.25
424833,0.11
424834,0.15
424835,0.18
424836,0.14
424837,0.3
424838,0.11
424839,0.13
424840,0.09
424841,0.22
424843,0.11
424845,0.23
424846,0.04
424847,0.07
424848,0.1
424849,0.18
424850,0.23
424851,0.11
424852,0.11
424853,0.11
424854,0.14
424856,0.04
424857,0.18
424947,0.25
425037,0.26
425039,0.25
425096,0.09
425107,0.13
425156,0.17
425191,0.11
425192,0.18
425230,0.12
425231,0.18
425237,0.1
425281,0.17
425301,0.07
425306,0.28
425312,0.08
425313,0.02
425317,0.11
425326,0.17
425330,0.12
425336,0.17
425338,0.15
425343,0.14
425345,0.09
425360,0.1
425364,0.11
425368,0.16
425369,0.07
425371,0.25
425372,0.12
425373,0.29
425374,0.09
425376,0.19
425379,0.11
425380,0.07
425381,0.09
425382,0.05
425383,0.02
425384,0.21
425385,0.14
425388,0.19
425389,0.09
425390,0.1
425391,0.12
425392,0.08
425394,0.24
425395,0.11
425396,0.04
425397,0.08
425398,0.09
425399,0.12
425400,0.11
425403,0.12
425404,0.18
425405,0.21
425406,0.2
425407,0.2
425408,0.09
425409,0.08
425411,0.11
425412,0.23
425413,0.34
425414,0.14
425415,0.23
425416,0.2
425418,0.11
425419,0.05
425423,0.16
425424,0.09
425425,0.29
425426,0.16
425429,0.09
425430,0.1
425431,0.07
425432,0.08
425433,0.14
425434,0.08
425435,0.23
425437,0.04
425438,0.11
425439,0.11
425440,0.11
425441,0.16
425442,0.24
425444,0.27
425446,0.07
425447,0.11
425448,0.13
425449,0.1
425450,0.13
425451,0.11
425453,0.28
425454,0.32
425455,0.14
425456,0.19
425457,0.22
425458,0.17
425459,0.14
425460,0.11
425461,0.07
425462,0.1
425511,0.16
425601,0.14
425810,0.1
425824,0.16
425830,0.2
425835,0.18
425838,0.06
425865,0.1
425877,0.14
425904,0.09
425905,0.08
425906,0.08
425909,0.15
425911,0.28
425913,0.15
425923,0.07
425932,0.11
425938,0.04
425939,0.18
425943,0.14
425944,0.13
425945,0.1
425946,0.11
425948,0.14
425950,0.09
425952,0.18
425954,0.18
425955,0.16
425957,0.17
425958,0.16
425959,0.09
425960,0.2
425961,0.22
425962,0.08
425964,0.19
425965,0.06
425966,0.15
425967,0.14
425968,0.1
425969,0.11
425970,0.13
425971,0.27
425972,0.07
425976,0.18
426050,0.1
426051,0.29
426052,0.13
426053,0.1
426124,0.14
426132,0.1
426154,0.22
426192,0.06
426235,0.12
426297,0.12
426387,0.14
426396,0.05
426436,0.12
426437,0.11
426460,0.1
426466,0.26
426469,0.12
426510,0.13
426617,0.1
426630,0.1
426631,0.02
426650,0.13
426688,0.17
426691,0.09
426855,0.15
426873,0.23
426890,0.17
426891,0.1
426895,0.12
426928,0.23
426929,0.06
426955,0.25
426957,0.08
427007,0.16
427009,0.13
427021,0.16
427023,0.06
427032,0.11
427036,0.18
427040,0.13
427041,0.14
427042,0.15
427044,0.07
427048,0.25
427050,0.13
427054,0.13
427057,0.06
427058,0.06
427059,0.27
427060,0.11
427062,0.1
427063,0.19
427064,0.09
427065,0.12
427067,0.22
427069,0.17
427070,0.13
427071,0.25
427072,0.07
427073,0.14
427074,0.05
427075,0.1
427076,0.11
427077,0.26
427078,0.14
427079,0.09
427080,0.11
427081,0.17
427082,0.12
427088,0.12
427109,0.09
427110,0.17
427111,0.1
427114,0.17
427115,0.26
427120,0.04
427121,0.06
427122,0.21
427125,0.1
427126,0.09
427127,0.11
427128,0.12
427129,0.12
427130,0.28
427131,0.04
427132,0.1
427133,0.07
427134,0.11
427135,0.08
427137,0.18
427138,0.09
427139,0.12
427140,0.15
427142,0.1
427143,0.15
427144,0.14
427145,0.05
427146,0.18
427147,0.23
427148,0.13
427149,0.25
427150,0.18
427151,0.09
427152,0.08
427153,0.03
427154,0.31
427155,0.17
427156,0.08
427157,0.11
427158,0.17
427159,0.17
427160,0.05
427161,0.2
427162,0.24
427163,0.15
427164,0.18
427165,0.05
427254,0.12
427263,0.04
427324,0.21
427330,0.25
427379,0.13
427465,0.13
427485,0.18
427489,0.09
427505,0.23
427567,0.16
427575,0.19
427578,0.11
427589,0.43
427612,0.13
427615,0.08
427618,0.11
427620,0.18
427622,0.07
427627,0.1
427628,0.09
427632,0.13
427634,0.09
427635,0.1
427637,0.18
427639,0.24
427640,0.12
427641,0.11
427642,0.27
427643,0.17
427645,0.12
427646,0.1
427647,0.1
427649,0.19
427650,0.12
427652,0.16
427653,0.19
427654,0.08
427655,0.23
427656,0.12
427657,0.2
427658,0.21
427659,0.13
427660,0.13
427661,0.21
427662,0.08
427663,0.19
427664,0.2
427665,0.12
427666,0.07
427667,0.19
427668,0.31
427669,0.19
427671,0.29
427672,0.24
427673,0.09
427676,0.09
427677,0.04
427703,0.18
427738,0.17
427809,0.12
427881,0.1
427949,0.14
427985,0.26
428047,0.13
428054,0.29
428080,0.22
428143,0.15
428162,0.27
428166,0.11
428187,0.2
428188,0.16
428189,0.15
428195,0.05
428196,0.07
428198,0.13
428200,0.1
428201,0.16
428204,0.27
428206,0.14
428207,0.21
428208,0.19
428210,0.1
428211,0.11
428212,0.16
428213,0.19
428215,0.04
428217,0.13
428218,0.17
428219,0.21
428220,0.11
428222,0.29
428223,0.13
428224,0.1
428225,0.17
428227,0.12
428228,0.23
428229,0.38
428230,0.23
428231,0.12
428232,0.18
428233,0.07
428234,0.12
428235,0.29
428236,0.11
428237,0.15
428238,0.12
428240,0.1
428241,0.21
428242,0.06
428243,0.17
428244,0.21
428311,0.1
428312,0.12
428313,0.15
428314,0.09
428409,0.06
428416,0.15
428423,0.17
428424,0.13
428463,0.22
428485,0.2
428517,0.15
428518,0.27
428561,0.07
428565,0.07
428590,0.05
428597,0.18
428614,0.14
428616,0.31
428621,0.1
428626,0.3
428629,0.11
428636,0.19
428647,0.14
428654,0.04
428659,0.13
428686,0.12
428690,0.13
428701,0.12
428708,0.24
428714,0.17
428722,0.12
428729,0.17
428745,0.08
428751,0.19
428757,0.14
428764,0.21
428774,0.1
428778,0.11
428783,0.11
428789,0.14
428797,0.19
428799,0.08
428801,0.4
428804,0.21
428806,0.16
428813,0.07
428816,0.12
428821,0.06
428832,0.21
428839,0.13
428842,0.14
428850,0.13
428859,0.16
428871,0.09
428907,0.2
428913,0.17
428920,0.33
428924,0.16
428928,0.12
428930,0.11
428933,0.18
428938,0.09
428944,0.13
428948,0.09
428963,0.08
428975,0.12
428979,0.12
428982,0.27
428984,0.11
428987,0.17
429015,0.07
429018,0.08
429028,0.05
429035,0.27
429037,0.13
429042,0.17
429055,0.08
429066,0.13
429067,0.16
429069,0.09
429077,0.1
429078,0.12
429083,0.07
429091,0.11
429093,0.04
429094,0.09
429103,0.18
429109,0.21
429121,0.27
429129,0.08
429134,0.08
429138,0.15
429164,0.09
429173,0.17
429182,0.09
429190,0.12
429199,0.07
429219,0.19
429224,0.08
429226,0.28
429230,0.07
429239,0.08
429243,0.17
429256,0.12
429266,0.14
429269,0.25
429294,0.1
429295,0.27
429297,0.21
429299,0.17
429302,0.11
429305,0.16
429308,0.05
429314,0.16
429318,0.04
429348,0.15
429356,0.4
429359,0.18
429372,0.11
429373,0.21
429384,0.08
429385,0.14
429398,0.13
429405,0.13
429407,0.07
429408,0.1
429412,0.21
429414,0.14
429415,0.09
429421,0.12
429422,0.11
429430,0.24
429432,0.09
429440,0.1
429442,0.22
429451,0.29
429459,0.21
429469,0.1
429471,0.06
429482,0.07
429483,0.16
429491,0.16
429493,0.08
429496,0.18
429498,0.15
429501,0.19
429502,0.08
429508,0.07
429509,0.1
429511,0.22
429528,0.1
429531,0.29
429539,0.14
429549,0.14
429555,0.21
429557,0.1
429567,0.19
429570,0.13
429576,0.13
429590,0.09
429591,0.24
429597,0.16
429600,0.24
429602,0.11
429604,0.11
429623,0.08
429625,0.17
429626,0.09
429628,0.05
429634,0.1
429637,0.2
429666,0.14
429667,0.09
429670,0.06
429673,0.18
429678,0.14
429693,0.09
429702,0.07
429708,0.15
429737,0.07
429739,0.13
429740,0.07
429750,0.21
429770,0.26
429774,0.1
429777,0.12
429780,0.16
429809,0.19
429810,0.06
429831,0.17
429835,0.15
429838,0.11
429846,0.15
429851,0.09
429852,0.14
429856,0.07
429857,0.08
429866,0.26
429871,0.16
429873,0.27
429879,0.19
429882,0.14
429885,0.05
429890,0.17
429897,0.09
429933,0.1
429936,0.08
429948,0.13
429952,0.25
429967,0.1
429982,0.12
429989,0.17
430000,0.09
430003,0.13
430011,0.13
430019,0.18
430035,0.13
430042,0.32
430047,0.15
430048,0.15
430059,0.13
430060,0.17
430077,0.09
430080,0.16
430083,0.31
430086,0.19
430090,0.15
430103,0.09
430107,0.13
430114,0.08
430116,0.11
430124,0.15
430129,0.17
430132,0.26
430146,0.16
430155,0.14
430156,0.08
430160,0.13
430168,0.23
430170,0.16
430176,0.14
430177,0.36
430186,0.26
430187,0.2
430195,0.1
430198,0.32
430204,0.22
430210,0.2
430211,0.26
430213,0.08
430216,0.28
430217,0.15
430227,0.26
430253,0.07
430266,0.24
430274,0.12
430280,0.11
430300,0.09
430301,0.11
430309,0.19
430313,0.15
430316,0.13
430319,0.23
430332,0.14
430346,0.19
430357,0.12
430359,0.09
430368,0.15
430376,0.1
430383,0.16
430389,0.13
430393,0.26
430394,0.06
430404,0.17
430405,0.14
430407,0.2
430433,0.2
430445,0.07
430446,0.14
430451,0.09
430452,0.14
430459,0.17
430466,0.12
430467,0.07
430473,0.23
430477,0.09
430483,0.22
430512,0.07
430521,0.15
430524,0.08
430529,0.19
430533,0.06
430536,0.1
430538,0.12
430540,0.21
430548,0.11
430549,0.17
430550,0.05
430566,0.14
430574,0.09
430576,0.09
430582,0.17
430585,0.12
430625,0.08
430627,0.12
430629,0.12
430637,0.15
430639,0.05
430641,0.14
430656,0.06
430659,0.05
430661,0.1
430671,0.12
430672,0.22
430673,0.09
430674,0.08
430676,0.13
430691,0.11
430698,0.1
430699,0.19
430708,0.2
430719,0.15
430726,0.08
430728,0.29
430730,0.22
430731,0.1
430732,0.12
430738,0.08
430770,0.31
430782,0.19
430785,0.2
430786,0.12
430806,0.25
430818,0.32
430819,0.08
430820,0.23
430835,0.04
430836,0.14
430837,0.17
430838,0.08
430839,0.11
430847,0.22
430853,0.19
430856,0.1
430876,0.1
430886,0.11
430887,0.09
430889,0.12
430927,0.1
430931,0.19
430939,0.05
430942,0.09
430949,0.12
430957,0.07
430960,0.06
430961,0.12
430962,0.22
430973,0.09
430975,0.04
430976,0.1
430981,0.1
430992,0.13
431007,0.22
431010,0.12
431013,0.11
431023,0.08
431027,0.16
431044,0.1
431056,0.09
431058,0.11
431065,0.04
431077,0.17
431080,0.21
431082,0.07
431088,0.17
431095,0.18
431100,0.1
431106,0.13
431107,0.16
431110,0.04
431114,0.15
431138,0.16
431144,0.13
431162,0.08
431170,0.17
431171,0.09
431176,0.1
431203,0.18
431211,0.09
431212,0.09
431215,0.1
431238,0.44
431241,0.05
431244,0.09
431254,0.16
431263,0.12
431278,0.12
431285,0.13
431286,0.13
431298,0.11
431305,0.1
431315,0.2
431323,0.08
431325,0.07
431334,0.04
431358,0.27
431372,0.11
431373,0.08
431374,0.23
431377,0.17
431386,0.12
431388,0.16
431395,0.09
431396,0.07
431413,0.12
431416,0.15
431418,0.24
431431,0.18
431444,0.12
431449,0.35
431467,0.05
431469,0.08
431479,0.11
431480,0.13
431481,0.14
431488,0.09
431492,0.19
431496,0.13
431497,0.04
431508,0.22
431511,0.15
431517,0.08
431520,0.13
431538,0.2
431540,0.09
431543,0.29
431545,0.07
431560,0.07
431561,0.13
431584,0.27
431591,0.3
431593,0.14
431625,0.22
431630,0.32
431633,0.16
431635,0.1
431649,0.06
431650,0.18
431651,0.11
431652,0.14
431667,0.16
431668,0.26
431672,0.1
431675,0.22
431680,0.26
431682,0.08
431683,0.07
431693,0.12
431697,0.13
431726,0.3
431731,0.15
431732,0.15
431744,0.07
431750,0.09
431755,0.14
431756,0.12
431757,0.1
431765,0.13
431766,0.11
431768,0.17
431770,0.1
431773,0.07
431775,0.14
431777,0.14
431778,0.36
431801,0.23
431807,0.05
431810,0.11
431815,0.19
431816,0.18
431823,0.14
431831,0.16
431837,0.12
431841,0.15
431845,0.07
431854,0.11
431857,0.05
431865,0.06
431866,0.16
431867,0.04
431869,0.07
431889,0.13
431899,0.13
431903,0.31
431909,0.12
431914,0.16
431916,0.14
431918,0.22
431931,0.1
431940,0.1
431948,0.23
431962,0.11
431965,0.08
431974,0.1
431976,0.12
431987,0.24
431988,0.1
431995,0.18
431999,0.16
432003,0.04
432005,0.16
432009,0.18
432011,0.08
432022,0.24
432028,0.19
432030,0.13
432037,0.12
432065,0.07
432070,0.11
432075,0.12
432078,0.22
432080,0.13
432085,0.14
432092,0.18
432111,0.13
432112,0.08
432115,0.08
432117,0.19
432118,0.2
432129,0.26
432132,0.19
432133,0.05
432145,0.13
432146,0.15
432148,0.15
432156,0.07
432167,0.11
432169,0.02
432188,0.04
432192,0.28
432221,0.13
432226,0.05
432231,0.02
432247,0.14
432252,0.08
432254,0.11
432263,0.12
432265,0.06
432271,0.2
432280,0.09
432282,0.13
432284,0.11
432291,0.34
432296,0.17
432298,0.15
432301,0.07
432309,0.16
432312,0.13
432320,0.11
432324,0.08
432330,0.14
432339,0.05
432356,0.09
432357,0.09
432362,0.07
432365,0.09
432366,0.11
432370,0.06
432377,0.18
432384,0.12
432391,0.16
432405,0.16
432406,0.22
432414,0.3
432415,0.04
432417,0.04
432419,0.14
432424,0.09
432425,0.15
432432,0.2
432438,0.13
432441,0.13
432444,0.29
432446,0.32
432452,0.12
432454,0.13
432473,0.18
432482,0.2
432489,0.13
432492,0.28
432495,0.06
432501,0.18
432507,0.16
432509,0.32
432510,0.13
432522,0.11
432525,0.1
432526,0.22
432527,0.23
432532,0.11
432535,0.12
432544,0.05
432547,0.11
432551,0.17
432553,0.12
432555,0.14
432560,0.1
432569,0.12
432577,0.14
432585,0.1
432590,0.11
432591,0.1
432594,0.09
432607,0.13
432608,0.36
432609,0.13
432612,0.17
432613,0.09
432616,0.12
432618,0.3
432622,0.1
432626,0.07
432639,0.1
432640,0.13
432642,0.19
432648,0.1
432653,0.18
432661,0.12
432668,0.06
432682,0.13
432686,0.19
432693,0.05
432695,0.15
432696,0.18
432698,0.13
432699,0.04
432702,0.24
432707,0.13
432712,0.06
432719,0.08
432724,0.12
432728,0.14
432737,0.2
432745,0.23
432746,0.07
432749,0.28
432752,0.09
432758,0.09
432769,0.22
432770,0.12
432771,0.15
432788,0.13
432804,0.06
432807,0.32
432830,0.19
432831,0.21
432842,0.17
432849,0.25
432876,0.18
432886,0.08
432888,0.12
432897,0.11
432918,0.1
432919,0.17
432920,0.1
432921,0.07
432930,0.16
432932,0.11
432943,0.12
432944,0.07
432951,0.08
432952,0.12
432965,0.15
432969,0.13
432981,0.1
432985,0.06
432986,0.03
432988,0.09
432991,0.16
432992,0.06
433002,0.08
433018,0.12
433019,0.1
433021,0.09
433024,0.07
433031,0.12
433035,0.18
433047,0.3
433050,0.08
433051,0.12
433055,0.08
433058,0.14
433069,0.04
433079,0.12
433098,0.14
433099,0.12
433104,0.14
433112,0.07
433117,0.08
433119,0.06
433130,0.11
433132,0.17
433158,0.33
433159,0.09
433162,0.11
433166,0.13
433169,0.04
433173,0.13
433174,0.1
433183,0.37
433184,0.09
433198,0.2
433205,0.18
433221,0.12
433271,0.25
433274,0.12
433276,0.25
433281,0.16
433283,0.13
433296,0.14
433300,0.12
433304,0.14
433308,0.13
433312,0.1
433313,0.22
433319,0.07
433332,0.22
433342,0.08
433343,0.06
433344,0.13
433345,0.16
433347,0.16
433350,0.09
433355,0.26
433356,0.14
433359,0.13
433361,0.08
433363,0.2
433370,0.09
433371,0.15
433374,0.15
433384,0.22
433390,0.14
433392,0.09
433396,0.12
433403,0.15
433405,0.11
433408,0.29
433410,0.21
433411,0.12
433424,0.15
433431,0.09
433432,0.21
433440,0.11
433441,0.12
433451,0.22
433452,0.13
433459,0.09
433463,0.09
433464,0.12
433470,0.11
433480,0.19
433482,0.22
433485,0.21
433494,0.22
433495,0.06
433496,0.06
433505,0.2
433509,0.13
433515,0.1
433518,0.07
433519,0.18
433527,0.16
433532,0.08
433535,0.06
433539,0.12
433561,0.19
433564,0.42
433566,0.15
433574,0.1
433575,0.09
433584,0.27
433591,0.2
433596,0.17
433598,0.21
433602,0.07
433606,0.12
433611,0.08
433617,0.1
433620,0.26
433628,0.14
433631,0.07
433651,0.12
433653,0.16
433657,0.12
433661,0.16
433662,0.18
433663,0.14
433668,0.2
433670,0.31
433680,0.18
433686,0.29
433709,0.13
433725,0.12
433731,0.15
433735,0.15
433745,0.11
433748,0.09
433754,0.22
433762,0.13
433766,0.07
433767,0.14
433779,0.16
433783,0.07
433785,0.13
433789,0.14
433794,0.09
433799,0.08
433800,0.06
433804,0.15
433816,0.14
433820,0.11
433829,0.09
433837,0.06
433840,0.07
433842,0.08
433849,0.12
433853,0.02
433862,0.11
433872,0.1
433882,0.15
433892,0.19
433896,0.1
433906,0.11
433913,0.04
433914,0.09
433957,0.2
433958,0.17
433965,0.2
433976,0.12
433984,0.11
433995,0.15
433996,0.08
434006,0.16
434007,0.15
434009,0.08
434019,0.2
434024,0.12
434026,0.29
434027,0.16
434034,0.19
434036,0.11
434037,0.11
434046,0.1
434050,0.05
434051,0.07
434052,0.16
434055,0.1
434061,0.11
434064,0.11
434108,0.14
434109,0.17
434121,0.17
434122,0.19
434140,0.11
434151,0.12
434156,0.05
434157,0.1
434160,0.28
434164,0.2
434167,0.04
434169,0.14
434173,0.11
434176,0.17
434177,0.14
434179,0.18
434180,0.13
434183,0.15
434192,0.08
434205,0.14
434209,0.12
434212,0.19
434214,0.13
434216,0.11
434222,0.16
434223,0.13
434224,0.2
434259,0.19
434261,0.06
434263,0.11
434264,0.13
434282,0.12
434283,0.12
434293,0.22
434317,0.25
434322,0.11
434326,0.16
434327,0.12
434328,0.19
434336,0.15
434340,0.12
434342,0.21
434350,0.25
434355,0.13
434375,0.09
434387,0.12
434390,0.14
434391,0.09
434408,0.04
434410,0.15
434423,0.09
434439,0.17
434442,0.15
434445,0.16
434448,0.13
434460,0.09
434465,0.1
434467,0.15
434468,0.26
434501,0.22
434504,0.25
434505,0.21
434507,0.12
434514,0.24
434535,0.15
434538,0.21
434542,0.25
434545,0.19
434554,0.22
434556,0.16
434568,0.16
434569,0.18
434571,0.2
434574,0.17
434579,0.13
434599,0.27
434604,0.13
434606,0.16
434607,0.16
434608,0.05
434610,0.12
434615,0.21
434616,0.25
434619,0.2
434658,0.19
434669,0.09
434675,0.1
434678,0.05
434680,0.13
434690,0.21
434698,0.15
434702,0.22
434704,0.07
434722,0.05
434727,0.13
434730,0.14
434735,0.09
434739,0.24
434765,0.11
434767,0.26
434784,0.2
434787,0.13
434788,0.21
434789,0.07
434790,0.09
434791,0.14
434802,0.1
434806,0.17
434807,0.2
434808,0.25
434815,0.18
434816,0.17
434817,0.21
434818,0.18
434830,0.18
434918,0.11
434920,0.08
434921,0.11
434922,0.24
434937,0.11
434948,0.08
434949,0.21
434952,0.09
434954,0.07
434957,0.16
434968,0.03
434974,0.05
434982,0.09
434986,0.12
434993,0.11
434995,0.21
435005,0.1
435013,0.15
435027,0.09
435034,0.34
435056,0.31
435060,0.09
435062,0.08
435068,0.09
435069,0.12
435071,0.13
435079,0.06
435086,0.22
435092,0.13
435099,0.09
435100,0.1
435108,0.13
435118,0.16
435120,0.07
435129,0.21
435132,0.25
435138,0.09
435139,0.28
435142,0.19
435147,0.14
435148,0.23
435151,0.04
435153,0.05
435154,0.2
435164,0.25
435173,0.13
435174,0.09
435179,0.09
435199,0.11
435202,0.1
435203,0.12
435214,0.28
435217,0.13
435222,0.13
435229,0.33
435239,0.05
435248,0.17
435259,0.06
435260,0.1
435263,0.14
435264,0.08
435267,0.11
435274,0.21
435286,0.05
435296,0.07
435308,0.15
435328,0.15
435333,0.13
435363,0.1
435366,0.09
435375,0.11
435378,0.19
435400,0.12
435408,0.26
435409,0.08
435415,0.12
435419,0.28
435422,0.21
435428,0.15
435432,0.15
435434,0.09
435435,0.3
435440,0.12
435455,0.09
435464,0.06
435470,0.03
435475,0.29
435478,0.21
435480,0.26
435482,0.15
435490,0.08
435507,0.13
435509,0.14
435510,0.13
435519,0.12
435527,0.22
435533,0.08
435534,0.26
435535,0.12
435536,0.08
435540,0.12
435551,0.13
435562,0.35
435564,0.1
435585,0.16
435590,0.12
435609,0.07
435610,0.06
435611,0.06
435623,0.21
435681,0.15
435682,0.13
435683,0.04
435704,0.15
435711,0.13
435713,0.19
435714,0.07
435716,0.07
435717,0.22
435718,0.11
435719,0.08
435741,0.08
435765,0.13
435766,0.25
435767,0.08
435773,0.28
435802,0.13
435806,0.08
435807,0.25
435809,0.1
435811,0.27
435816,0.12
435823,0.09
435835,0.17
435848,0.13
435849,0.26
435858,0.14
435870,0.06
435874,0.03
435890,0.25
435892,0.11
435911,0.08
435915,0.16
435924,0.11
435937,0.14
435943,0.18
435958,0.14
435962,0.07
435965,0.19
435968,0.25
435997,0.13
435998,0.26
435999,0.06
436009,0.21
436021,0.1
436022,0.07
436026,0.23
436032,0.08
436037,0.1
436049,0.11
436058,0.1
436059,0.09
436062,0.25
436068,0.1
436079,0.12
436082,0.1
436083,0.21
436093,0.19
436098,0.07
436113,0.14
436127,0.16
436148,0.12
436152,0.22
436159,0.1
436165,0.13
436170,0.07
436174,0.08
436176,0.14
436183,0.07
436194,0.05
436196,0.12
436204,0.07
436207,0.23
436210,0.16
436219,0.27
436227,0.2
436230,0.1
436233,0.07
436235,0.12
436250,0.11
436260,0.13
436285,0.23
436291,0.1
436304,0.13
436307,0.2
436308,0.16
436311,0.13
436314,0.14
436322,0.01
436323,0.32
436339,0.11
436350,0.15
436358,0.21
436359,0.13
436363,0.11
436365,0.09
436369,0.14
436377,0.14
436378,0.16
436387,0.11
436394,0.19
436397,0.05
436399,0.22
436401,0.16
436404,0.2
436421,0.1
436422,0.2
436426,0.05
436430,0.2
436464,0.12
436471,0.09
436476,0.11
436478,0.15
436486,0.06
436497,0.15
436508,0.1
436509,0.15
436510,0.2
436511,0.26
436528,0.13
436531,0.19
436534,0.15
436535,0.14
436536,0.07
436537,0.09
436560,0.12
436562,0.21
436563,0.16
436564,0.14
436598,0.1
436599,0.12
436600,0.05
436637,0.08
436674,0.17
436706,0.11
436721,0.14
436722,0.22
436735,0.13
436747,0.28
436748,0.1
436750,0.19
436757,0.23
436767,0.15
436771,0.12
436781,0.17
436786,0.13
436799,0.11
436807,0.17
436812,0.13
436821,0.17
436835,0.08
436836,0.28
436846,0.07
436874,0.15
436880,0.26
436882,0.13
436885,0.09
436893,0.1
436894,0.03
436896,0.1
436902,0.19
436918,0.09
436921,0.11
436935,0.26
436955,0.21
436961,0.1
436963,0.11
436964,0.13
436970,0.1
436975,0.13
437005,0.15
437014,0.13
437020,0.12
437043,0.17
437045,0.06
437070,0.13
437078,0.17
437095,0.1
437097,0.09
437123,0.07
437127,0.09
437128,0.13
437130,0.07
437147,0.25
437156,0.12
437157,0.11
437160,0.15
437161,0.09
437169,0.12
437189,0.11
437196,0.17
437198,0.16
437200,0.1
437206,0.17
437211,0.09
437215,0.23
437218,0.09
437226,0.13
437229,0.25
437235,0.06
437244,0.08
437245,0.22
437246,0.2
437264,0.06
437266,0.09
437268,0.1
437269,0.11
437273,0.12
437275,0.2
437276,0.15
437302,0.05
437304,0.09
437305,0.18
437306,0.16
437334,0.13
437335,0.16
437336,0.14
437338,0.16
437343,0.47
437356,0.25
437357,0.16
437358,0.15
437359,0.11
437360,0.19
437393,0.05
437397,0.32
437403,0.07
437409,0.09
437426,0.17
437430,0.16
437446,0.24
437459,0.09
437461,0.11
437462,0.21
437463,0.09
437475,0.09
437478,0.1
437480,0.09
437482,0.15
437486,0.02
437491,0.15
437492,0.13
437493,0.22
437496,0.21
437510,0.09
437515,0.1
437516,0.15
437519,0.12
437522,0.18
437524,0.11
437532,0.11
437538,0.1
437546,0.17
437551,0.16
437553,0.28
437556,0.19
437573,0.29
437575,0.07
437584,0.18
437591,0.13
437592,0.1
437595,0.07
437602,0.12
437610,0.14
437611,0.13
437621,0.24
437622,0.16
437624,0.07
437630,0.12
437631,0.19
437636,0.18
437666,0.14
437672,0.18
437676,0.1
437687,0.18
437689,0.19
437706,0.26
437712,0.16
437735,0.05
437757,0.09
437763,0.11
437790,0.1
437791,0.05
437795,0.18
437803,0.07
437810,0.17
437811,0.17
437813,0.06
437820,0.18
437823,0.05
437832,0.12
437841,0.12
437852,0.18
437858,0.16
437862,0.13
437892,0.03
437896,0.08
437903,0.23
437905,0.1
437911,0.29
437913,0.09
437918,0.08
437922,0.14
437933,0.22
437936,0.11
437945,0.18
437966,0.08
437967,0.22
437972,0.12
437977,0.13
437984,0.22
437996,0.06
437997,0.2
437999,0.11
438001,0.18
438004,0.15
438007,0.08
438029,0.1
438031,0.03
438034,0.02
438038,0.32
438054,0.19
438058,0.09
438064,0.11
438065,0.16
438074,0.12
438084,0.08
438088,0.18
438089,0.06
438090,0.14
438117,0.07
438118,0.13
438151,0.17
438152,0.17
438153,0.26
438154,0.1
438167,0.17
438187,0.26
438192,0.23
438195,0.12
438196,0.23
438220,0.15
438223,0.23
438229,0.16
438256,0.16
438258,0.1
438260,0.12
438264,0.08
438273,0.1
438306,0.22
438307,0.19
438308,0.11
438309,0.13
438310,0.16
438341,0.18
438348,0.09
438349,0.1
438364,0.08
438368,0.15
438380,0.17
438382,0.13
438402,0.1
438404,0.24
438408,0.3
438410,0.22
438429,0.14
438434,0.2
438435,0.11
438437,0.15
438438,0.15
438444,0.15
438471,0.15
438506,0.17
438521,0.16
438524,0.24
438525,0.2
438534,0.11
438541,0.08
438546,0.11
438547,0.17
438564,0.11
438568,0.12
438570,0.07
438578,0.19
438582,0.14
438587,0.14
438604,0.07
438620,0.18
438621,0.11
438624,0.11
438634,0.31
438644,0.19
438645,0.14
438651,0.18
438659,0.11
438660,0.1
438662,0.08
438668,0.12
438673,0.13
438677,0.11
438683,0.25
438687,0.19
438700,0.11
438713,0.17
438714,0.19
438715,0.09
438717,0.14
438721,0.16
438738,0.14
438749,0.08
438750,0.15
438756,0.15
438771,0.14
438777,0.09
438781,0.03
438783,0.15
438786,0.41
438792,0.06
438802,0.17
438808,0.11
438814,0.11
438829,0.21
438846,0.1
438851,0.12
438856,0.4
438858,0.18
438861,0.09
438862,0.18
438876,0.24
438880,0.08
438891,0.08
438896,0.13
438898,0.15
438904,0.18
438908,0.12
438921,0.18
438923,0.16
438929,0.09
438942,0.1
438950,0.16
438979,0.23
438994,0.31
438995,0.25
438996,0.15
439002,0.27
439013,0.15
439015,0.13
439017,0.1
439029,0.04
439047,0.19
439048,0.1
439049,0.17
439050,0.1
439061,0.14
439065,0.22
439069,0.14
439070,0.25
439071,0.13
439072,0.17
439073,0.1
439076,0.05
439077,0.2
439078,0.12
439089,0.07
439095,0.1
439113,0.06
439122,0.07
439127,0.16
439153,0.18
439154,0.22
439157,0.07
439197,0.12
439205,0.12
439207,0.23
439209,0.05
439213,0.1
439218,0.2
439222,0.1
439229,0.2
439233,0.1
439235,0.14
439236,0.16
439239,0.15
439248,0.1
439255,0.14
439265,0.21
439266,0.18
439268,0.13
439270,0.19
439276,0.22
439285,0.03
439294,0.11
439296,0.17
439299,0.24
439310,0.09
439319,0.09
439320,0.1
439325,0.15
439327,0.04
439328,0.14
439334,0.1
439335,0.15
439339,0.2
439343,0.03
439353,0.15
439356,0.14
439374,0.12
439391,0.15
439400,0.09
439405,0.23
439413,0.05
439448,0.1
439451,0.11
439455,0.14
439468,0.17
439472,0.07
439473,0.06
439477,0.11
439483,0.1
439484,0.13
439501,0.13
439505,0.08
439512,0.18
439515,0.2
439525,0.19
439535,0.13
439539,0.13
439548,0.23
439549,0.1
439550,0.27
439551,0.11
439558,0.08
439562,0.1
439566,0.1
439571,0.1
439587,0.11
439591,0.07
439595,0.2
439611,0.11
439614,0.21
439618,0.27
439620,0.12
439626,0.12
439633,0.08
439657,0.09
439660,0.12
439661,0.07
439666,0.06
439673,0.09
439675,0.25
439705,0.19
439707,0.16
439720,0.08
439727,0.03
439733,0.16
439736,0.1
439737,0.12
439746,0.15
439755,0.27
439763,0.1
439765,0.1
439766,0.09
439768,0.12
439774,0.11
439779,0.05
439781,0.26
439784,0.24
439808,0.07
439816,0.06
439818,0.06
439820,0.1
439824,0.1
439830,0.16
439839,0.16
439841,0.34
439845,0.08
439874,0.09
439875,0.06
439879,0.13
439882,0.16
439883,0.19
439900,0.1
439901,0.05
439906,0.06
439909,0.15
439911,0.26
439914,0.08
439936,0.13
439937,0.25
439945,0.15
439950,0.13
439955,0.21
439956,0.09
439971,0.26
439977,0.11
439984,0.2
439985,0.09
439990,0.15
439994,0.16
440003,0.16
440030,0.16
440042,0.23
440048,0.08
440054,0.1
440073,0.23
440074,0.13
440080,0.14
440082,0.12
440085,0.08
440088,0.18
440091,0.04
440100,0.05
440103,0.04
440113,0.33
440119,0.07
440127,0.11
440130,0.09
440131,0.07
440135,0.22
440139,0.16
440147,0.22
440156,0.14
440158,0.16
440162,0.06
440163,0.14
440176,0.1
440181,0.07
440191,0.03
440192,0.05
440215,0.08
440219,0.17
440222,0.12
440238,0.1
440239,0.07
440244,0.14
440245,0.07
440252,0.13
440266,0.07
440267,0.11
440281,0.14
440283,0.16
440292,0.08
440307,0.07
440309,0.17
440313,0.18
440315,0.14
440320,0.12
440332,0.16
440336,0.07
440338,0.14
440342,0.1
440350,0.12
440352,0.16
440356,0.06
440359,0.12
440384,0.07
440395,0.14
440396,0.04
440397,0.2
440401,0.09
440408,0.15
440411,0.21
440425,0.08
440439,0.05
440451,0.22
440460,0.27
440463,0.15
440473,0.1
440479,0.09
440497,0.1
440506,0.08
440509,0.12
440518,0.15
440528,0.14
440536,0.23
440543,0.19
440561,0.12
440562,0.23
440566,0.22
440572,0.26
440574,0.27
440585,0.13
440592,0.07
440601,0.25
440606,0.16
440632,0.22
440643,0.13
440653,0.04
440669,0.05
440682,0.12
440691,0.14
440701,0.06
440706,0.13
440708,0.16
440714,0.37
440721,0.23
440723,0.24
440750,0.12
440759,0.27
440773,0.08
440792,0.13
440793,0.08
440798,0.24
440804,0.14
440819,0.07
440827,0.25
440851,0.12
440861,0.13
440862,0.12
440868,0.06
440874,0.1
440877,0.21
440883,0.17
440884,0.24
440886,0.11
440900,0.2
440902,0.08
440904,0.22
440910,0.11
440913,0.19
440915,0.17
440923,0.22
440924,0.05
440927,0.09
440936,0.13
440968,0.15
440973,0.09
440975,0.16
440979,0.15
440986,0.28
440987,0.04
440995,0.13
440998,0.12
441000,0.11
441004,0.16
441007,0.27
441014,0.21
441026,0.13
441032,0.23
441042,0.15
441051,0.24
441060,0.12
441061,0.1
441081,0.24
441082,0.13
441085,0.14
441087,0.1
441089,0.06
441091,0.15
441095,0.12
441114,0.15
441128,0.11
441138,0.19
441154,0.07
441156,0.18
441157,0.34
441175,0.11
441183,0.19
441189,0.1
441207,0.07
441209,0.27
441217,0.17
441228,0.1
441229,0.03
441239,0.16
441244,0.08
441256,0.19
441275,0.11
441278,0.12
441284,0.13
441288,0.14
441293,0.2
441294,0.23
441297,0.39
441298,0.13
441304,0.13
441316,0.08
441318,0.1
441351,0.09
441354,0.22
441363,0.15
441373,0.23
441375,0.05
441382,0.11
441385,0.11
441388,0.07
441392,0.17
441402,0.23
441413,0.12
441417,0.33
441427,0.11
441437,0.17
441453,0.27
441458,0.13
441459,0.17
441463,0.06
441466,0.15
441475,0.11
441479,0.11
441497,0.19
441501,0.11
441509,0.09
441513,0.16
441546,0.16
441547,0.05
441563,0.21
441565,0.09
441567,0.15
441576,0.11
441577,0.12
441578,0.22
441597,0.11
441607,0.11
441609,0.12
441611,0.13
441613,0.18
441622,0.08
441637,0.13
441638,0.1
441652,0.09
441660,0.21
441667,0.19
441671,0.14
441672,0.07
441675,0.12
441679,0.05
441700,0.12
441701,0.11
441711,0.07
441725,0.06
441732,0.08
441741,0.07
441743,0.07
441761,0.1
441763,0.1
441766,0.09
441778,0.13
441780,0.1
441782,0.09
441785,0.13
441796,0.11
441808,0.22
441809,0.25
441811,0.15
441825,0.05
441828,0.09
441835,0.09
441860,0.1
441865,0.16
441871,0.16
441874,0.11
441876,0.09
441885,0.04
441896,0.21
441908,0.1
441913,0.07
441921,0.25
441926,0.07
441936,0.08
441941,0.15
441947,0.09
441957,0.28
441961,0.18
441969,0.12
441979,0.2
441986,0.15
441987,0.05
441996,0.25
441997,0.1
441998,0.26
442001,0.1
442002,0.19
442003,0.23
442010,0.12
442013,0.08
442015,0.16
442026,0.08
442030,0.08
442032,0.23
442033,0.34
442039,0.14
442049,0.15
442054,0.11
442060,0.06
442065,0.16
442067,0.18
442074,0.08
442076,0.25
442080,0.14
442085,0.13
442093,0.11
442100,0.11
442123,0.15
442124,0.15
442128,0.2
442149,0.21
442151,0.23
442157,0.17
442158,0.1
442159,0.13
442161,0.07
442179,0.16
442187,0.17
442190,0.15
442195,0.14
442199,0.09
442233,0.06
442234,0.23
442235,0.12
442250,0.06
442256,0.08
442258,0.2
442264,0.23
442280,0.08
442288,0.08
442290,0.14
442293,0.15
442299,0.2
442303,0.3
442306,0.04
442308,0.08
442312,0.14
442315,0.1
442320,0.15
442321,0.24
442328,0.18
442331,0.29
442359,0.05
442361,0.06
442366,0.1
442368,0.1
442372,0.11
442378,0.18
442392,0.15
442393,0.08
442399,0.06
442401,0.31
442404,0.13
442405,0.18
442438,0.12
442442,0.19
442451,0.14
442452,0.13
442458,0.1
442461,0.13
442464,0.13
442468,0.09
442479,0.2
442484,0.15
442504,0.13
442505,0.04
442513,0.16
442520,0.08
442527,0.15
442539,0.07
442540,0.2
442541,0.1
442555,0.06
442577,0.14
442586,0.1
442588,0.11
442613,0.22
442616,0.16
442622,0.21
442626,0.12
442627,0.27
442641,0.12
442647,0.08
442653,0.2
442656,0.11
442662,0.13
442672,0.15
442682,0.1
442684,0.12
442685,0.15
442698,0.25
442709,0.1
442716,0.14
442718,0.18
442723,0.27
442724,0.23
442737,0.17
442742,0.22
442743,0.09
442746,0.25
442766,0.07
442767,0.22
442769,0.13
442792,0.12
442797,0.16
442799,0.08
442804,0.14
442807,0.17
442816,0.12
442819,0.19
442826,0.14
442831,0.12
442846,0.17
442854,0.15
442861,0.09
442862,0.13
442870,0.22
442875,0.09
442890,0.02
442891,0.19
442896,0.14
442897,0.16
442902,0.1
442903,0.28
442905,0.12
442915,0.27
442937,0.2
442947,0.37
442949,0.13
442954,0.27
442972,0.15
443012,0.16
443018,0.18
443029,0.07
443031,0.13
443033,0.1
443035,0.13
443039,0.09
443040,0.2
443051,0.22
443062,0.13
443069,0.19
443080,0.13
443081,0.2
443090,0.18
443092,0.05
443106,0.14
443119,0.15
443134,0.13
443161,0.12
443170,0.17
443177,0.11
443189,0.08
443193,0.04
443199,0.16
443212,0.2
443226,0.19
443230,0.1
443239,0.28
443241,0.19
443244,0.11
443249,0.08
443253,0.07
443262,0.06
443264,0.28
443266,0.1
443274,0.13
443283,0.1
443295,0.05
443304,0.14
443313,0.03
443317,0.08
443324,0.11
443339,0.13
443344,0.27
443345,0.08
443352,0.08
443355,0.12
443356,0.27
443360,0.19
443364,0.31
443368,0.14
443375,0.26
443380,0.16
443391,0.17
443392,0.13
443397,0.1
443403,0.13
443406,0.27
443420,0.14
443431,0.04
443441,0.1
443456,0.17
443457,0.17
443459,0.17
443460,0.16
443471,0.1
443474,0.1
443486,0.15
443487,0.14
443490,0.09
443492,0.29
443495,0.11
443505,0.11
443512,0.16
443555,0.11
443576,0.14
443582,0.08
443583,0.09
443585,0.13
443588,0.11
443592,0.08
443596,0.12
443597,0.09
443606,0.11
443607,0.14
443608,0.14
443611,0.15
443612,0.13
443618,0.4
443623,0.15
443632,0.1
443633,0.19
443634,0.11
443637,0.05
443638,0.31
443669,0.13
443672,0.13
443685,0.16
443686,0.13
443694,0.08
443695,0.15
443697,0.32
443700,0.21
443734,0.24
443738,0.13
443742,0.11
443759,0.17
443760,0.16
443770,0.07
443776,0.13
443788,0.14
443791,0.2
443792,0.08
443803,0.18
443808,0.09
443832,0.14
443842,0.14
443847,0.08
443853,0.07
443854,0.27
443868,0.08
443873,0.13
443879,0.06
443883,0.1
443891,0.21
443908,0.11
443910,0.27
443918,0.1
443927,0.07
443935,0.14
443965,0.23
443974,0.08
443984,0.05
443986,0.2
443991,0.04
443996,0.04
444008,0.11
444014,0.08
444015,0.15
444016,0.1
444018,0.18
444053,0.19
444058,0.15
444065,0.16
444069,0.1
444082,0.09
444087,0.18
444089,0.13
444093,0.12
444104,0.07
444113,0.12
444118,0.21
444122,0.11
444123,0.16
444128,0.13
444136,0.03
444152,0.1
444155,0.12
444182,0.11
444183,0.17
444185,0.07
444213,0.11
444229,0.18
444231,0.16
444234,0.09
444240,0.12
444249,0.13
444265,0.18
444268,0.08
444271,0.12
444278,0.04
444279,0.17
444283,0.3
444285,0.11
444291,0.2
444297,0.05
444313,0.18
444318,0.11
444322,0.13
444333,0.17
444334,0.09
444359,0.19
444367,0.08
444369,0.14
444370,0.23
444376,0.13
444384,0.16
444387,0.2
444406,0.12
444409,0.19
444412,0.12
444418,0.17
444420,0.18
444424,0.06
444429,0.13
444432,0.13
444434,0.15
444440,0.21
444444,0.14
444450,0.08
444456,0.18
444457,0.08
444461,0.21
444504,0.14
444515,0.18
444516,0.18
444517,0.15
444519,0.08
444540,0.13
444573,0.21
444581,0.07
444582,0.06
444602,0.18
444605,0.14
444611,0.08
444614,0.07
444622,0.14
444624,0.2
444625,0.19
444639,0.09
444658,0.13
444673,0.21
444696,0.13
444719,0.1
444729,0.28
444737,0.06
444743,0.18
444758,0.18
444764,0.19
444780,0.07
444789,0.18
444795,0.14
444811,0.16
444814,0.11
444825,0.1
444831,0.12
444832,0.06
444835,0.17
444840,0.2
444841,0.16
444842,0.17
444846,0.11
444849,0.15
444867,0.08
444876,0.17
444893,0.12
444896,0.21
444897,0.11
444907,0.13
444908,0.09
444932,0.13
444933,0.17
444936,0.22
444941,0.2
444942,0.12
444950,0.17
444956,0.08
444965,0.08
444966,0.13
444970,0.05
444971,0.26
444978,0.1
444982,0.2
444984,0.08
444986,0.04
445001,0.06
445016,0.06
445027,0.18
445029,0.06
445032,0.07
445037,0.15
445043,0.07
445044,0.14
445047,0.19
445052,0.24
445073,0.24
445075,0.11
445076,0.11
445092,0.09
445095,0.28
445106,0.14
445110,0.15
445123,0.18
445124,0.06
445141,0.07
445151,0.1
445160,0.12
445161,0.15
445164,0.19
445165,0.13
445169,0.2
445175,0.29
445178,0.08
445182,0.2
445183,0.1
445192,0.05
445193,0.17
445200,0.12
445202,0.04
445203,0.04
445207,0.11
445245,0.11
445256,0.17
445282,0.25
445294,0.14
445300,0.17
445316,0.18
445331,0.11
445332,0.03
445343,0.04
445345,0.18
445346,0.13
445354,0.17
445355,0.24
445356,0.1
445366,0.24
445369,0.17
445390,0.09
445392,0.15
445398,0.14
445401,0.19
445417,0.17
445427,0.12
445465,0.22
445469,0.05
445472,0.1
445475,0.06
445483,0.12
445484,0.13
445493,0.13
445496,0.08
445504,0.15
445505,0.18
445507,0.07
445531,0.34
445536,0.16
445544,0.06
445559,0.1
445580,0.12
445589,0.06
445591,0.09
445595,0.08
445601,0.14
445612,0.16
445639,0.13
445656,0.13
445666,0.06
445682,0.24
445686,0.19
445700,0.2
445713,0.1
445716,0.06
445725,0.09
445728,0.16
445731,0.1
445742,0.08
445743,0.35
445755,0.06
445766,0.16
445781,0.27
445798,0.16
445799,0.12
445801,0.23
445810,0.15
445813,0.14
445822,0.06
445824,0.06
445826,0.17
445828,0.09
445829,0.1
445838,0.18
445840,0.1
445845,0.08
445847,0.08
445849,0.06
445852,0.13
445853,0.19
445856,0.2
445863,0.14
445864,0.18
445871,0.16
445907,0.19
445908,0.06
445917,0.11
445919,0.19
445925,0.08
445930,0.09
445938,0.08
445943,0.14
445946,0.08
445948,0.21
445970,0.12
445972,0.06
445974,0.32
445976,0.1
445979,0.14
445993,0.13
446001,0.2
446004,0.16
446025,0.11
446026,0.14
446046,0.13
446048,0.08
446055,0.11
446064,0.17
446068,0.13
446078,0.13
446094,0.15
446096,0.22
446120,0.14
446131,0.17
446139,0.15
446157,0.13
446179,0.12
446180,0.19
446186,0.14
446189,0.23
446200,0.19
446208,0.28
446210,0.12
446214,0.15
446226,0.24
446229,0.08
446237,0.14
446247,0.09
446256,0.11
446273,0.14
446286,0.15
446296,0.03
446302,0.17
446310,0.09
446315,0.13
446319,0.26
446320,0.12
446322,0.12
446356,0.18
446374,0.1
446375,0.15
446406,0.14
446407,0.04
446426,0.15
446428,0.19
446431,0.15
446433,0.04
446437,0.2
446441,0.11
446452,0.13
446464,0.2
446466,0.06
446468,0.21
446469,0.18
446472,0.39
446476,0.21
446478,0.08
446485,0.1
446499,0.07
446503,0.1
446504,0.06
446509,0.13
446512,0.29
446525,0.16
446534,0.11
446535,0.15
446543,0.23
446546,0.02
446550,0.26
446555,0.3
446560,0.09
446564,0.11
446572,0.07
446593,0.16
446616,0.2
446617,0.09
446625,0.13
446626,0.19
446631,0.28
446643,0.15
446647,0.04
446652,0.09
446655,0.12
446657,0.1
446663,0.24
446665,0.32
446676,0.12
446684,0.21
446694,0.08
446699,0.11
446702,0.13
446713,0.24
446720,0.29
446724,0.08
446728,0.25
446730,0.11
446738,0.08
446742,0.12
446743,0.11
446744,0.18
446750,0.11
446759,0.16
446760,0.23
446772,0.05
446786,0.15
446799,0.16
446800,0.19
446803,0.2
446812,0.13
446813,0.1
446815,0.1
446816,0.08
446832,0.24
446845,0.2
446846,0.04
446847,0.1
446850,0.1
446851,0.19
446855,0.06
446856,0.08
446867,0.2
446877,0.2
446880,0.21
446885,0.1
446892,0.19
446905,0.11
446909,0.29
446924,0.17
446935,0.06
446944,0.07
446945,0.12
446949,0.05
446952,0.11
446957,0.14
446961,0.14
446979,0.17
446980,0.15
446987,0.14
446991,0.14
447001,0.07
447013,0.12
447014,0.12
447023,0.12
447062,0.07
447072,0.11
447082,0.18
447084,0.07
447087,0.11
447092,0.15
447106,0.09
447107,0.13
447112,0.16
447147,0.11
447160,0.19
447176,0.07
447184,0.11
447188,0.06
447190,0.17
447191,0.15
447198,0.14
447199,0.11
447200,0.23
447202,0.1
447209,0.28
447210,0.13
447228,0.22
447230,0.09
447235,0.19
447246,0.26
447248,0.12
447263,0.12
447265,0.16
447272,0.04
447285,0.1
447293,0.28
447305,0.1
447312,0.15
447326,0.11
447327,0.18
447361,0.15
447367,0.24
447381,0.15
447387,0.22
447390,0.24
447391,0.15
447416,0.2
447419,0.17
447420,0.08
447422,0.13
447425,0.15
447444,0.13
447458,0.11
447460,0.07
447467,0.16
447479,0.14
447482,0.16
447496,0.11
447504,0.11
447507,0.13
447519,0.13
447522,0.11
447528,0.19
447529,0.15
447532,0.1
447540,0.27
447543,0.14
447546,0.09
447554,0.1
447571,0.18
447575,0.09
447591,0.11
447599,0.16
447600,0.11
447601,0.11
447606,0.09
447607,0.13
447618,0.23
447621,0.05
447633,0.16
447638,0.06
447642,0.14
447644,0.14
447654,0.15
447670,0.14
447671,0.11
447672,0.23
447674,0.13
447676,0.18
447692,0.23
447696,0.19
447698,0.1
447704,0.12
447705,0.17
447708,0.1
447709,0.35
447715,0.14
447727,0.12
447736,0.18
447742,0.12
447743,0.16
447745,0.16
447748,0.35
447751,0.22
447752,0.09
447796,0.11
447810,0.11
447812,0.26
447814,0.45
447815,0.13
447816,0.19
447817,0.38
447835,0.1
447842,0.27
447844,0.09
447862,0.27
447865,0.11
447868,0.15
447873,0.09
447876,0.07
447881,0.17
447882,0.28
447883,0.14
447904,0.07
447907,0.26
447915,0.21
447931,0.15
447945,0.23
447947,0.1
447958,0.13
447967,0.1
447968,0.21
447972,0.15
447975,0.1
447976,0.14
447978,0.06
447983,0.11
447993,0.25
447998,0.2
448001,0.18
448005,0.15
448007,0.17
448011,0.22
448012,0.08
448016,0.11
448030,0.08
448039,0.21
448040,0.12
448045,0.18
448046,0.15
448051,0.1
448084,0.1
448091,0.15
448100,0.18
448125,0.25
448143,0.04
448146,0.11
448150,0.16
448160,0.16
448163,0.17
448165,0.17
448182,0.07
448185,0.12
448188,0.13
448189,0.16
448209,0.25
448210,0.17
448218,0.07
448224,0.24
448241,0.1
448243,0.15
448244,0.09
448245,0.18
448254,0.25
448278,0.16
448279,0.08
448282,0.08
448284,0.12
448285,0.29
448301,0.24
448302,0.31
448305,0.11
448317,0.07
448330,0.14
448335,0.14
448338,0.13
448340,0.04
448341,0.18
448347,0.33
448350,0.13
448353,0.07
448361,0.12
448370,0.18
448380,0.16
448400,0.17
448411,0.1
448412,0.23
448417,0.14
448420,0.1
448422,0.09
448424,0.05
448447,0.18
448459,0.13
448464,0.07
448470,0.19
448490,0.13
448494,0.14
448500,0.23
448515,0.1
448522,0.08
448526,0.16
448536,0.29
448548,0.09
448566,0.11
448573,0.13
448584,0.09
448585,0.08
448597,0.09
448599,0.09
448601,0.06
448604,0.12
448606,0.07
448610,0.12
448642,0.11
448660,0.07
448669,0.1
448674,0.09
448675,0.2
448678,0.17
448690,0.09
448693,0.07
448695,0.21
448700,0.1
448703,0.08
448704,0.17
448707,0.16
448720,0.24
448727,0.31
448728,0.1
448734,0.27
448746,0.09
448755,0.09
448760,0.19
448770,0.08
448778,0.12
448788,0.17
448790,0.15
448801,0.1
448805,0.09
448806,0.09
448812,0.17
448817,0.21
448834,0.14
448837,0.37
448838,0.16
448853,0.18
448856,0.14
448868,0.14
448876,0.1
448909,0.26
448917,0.15
448919,0.18
448922,0.13
448931,0.09
448935,0.06
448937,0.07
448940,0.05
448948,0.19
448958,0.08
448967,0.26
448968,0.15
448973,0.2
448993,0.18
449000,0.26
449011,0.17
449015,0.12
449030,0.09
449035,0.13
449040,0.05
449045,0.11
449060,0.15
449081,0.16
449082,0.18
449087,0.28
449095,0.1
449105,0.13
449110,0.09
449117,0.15
449126,0.2
449134,0.13
449141,0.09
449148,0.12
449155,0.12
449158,0.33
449160,0.13
449178,0.23
449180,0.16
449183,0.1
449186,0.1
449193,0.12
449196,0.09
449203,0.16
449213,0.14
449214,0.08
449215,0.1
449216,0.19
449224,0.09
449227,0.11
449230,0.06
449233,0.26
449253,0.08
449254,0.18
449264,0.35
449289,0.23
449302,0.19
449308,0.16
449314,0.09
449322,0.18
449323,0.13
449364,0.11
449368,0.12
449391,0.05
449403,0.17
449408,0.07
449409,0.07
449412,0.13
449424,0.28
449427,0.11
449462,0.17
449465,0.06
449469,0.06
449475,0.1
449476,0.25
449483,0.13
449484,0.1
449487,0.05
449492,0.11
449499,0.19
449502,0.03
449506,0.12
449508,0.17
449514,0.13
449517,0.2
449534,0.22
449540,0.1
449543,0.19
449545,0.12
449548,0.22
449555,0.15
449556,0.27
449558,0.07
449566,0.19
449574,0.1
449576,0.12
449578,0.06
449581,0.11
449586,0.15
449591,0.11
449594,0.26
449599,0.18
449606,0.15
449615,0.09
449616,0.11
449625,0.1
449633,0.05
449636,0.18
449637,0.2
449642,0.13
449683,0.26
449684,0.08
449711,0.12
449713,0.08
449716,0.23
449741,0.15
449745,0.1
449747,0.18
449756,0.07
449759,0.07
449760,0.16
449768,0.14
449773,0.17
449775,0.05
449780,0.11
449788,0.12
449792,0.1
449802,0.05
449812,0.2
449815,0.22
449818,0.15
449820,0.13
449821,0.08
449822,0.2
449831,0.07
449837,0.1
449855,0.26
449857,0.19
449865,0.14
449866,0.15
449871,0.14
449873,0.2
449874,0.12
449877,0.03
449881,0.08
449889,0.17
449893,0.1
449894,0.16
449897,0.21
449900,0.11
449910,0.06
449924,0.23
449928,0.14
449932,0.42
449942,0.13
449947,0.2
449955,0.17
449972,0.12
449984,0.21
450004,0.19
450027,0.15
450029,0.04
450035,0.17
450038,0.09
450042,0.41
450044,0.11
450060,0.06
450065,0.11
450076,0.24
450081,0.2
450083,0.15
450096,0.17
450102,0.14
450107,0.25
450109,0.14
450110,0.02
450111,0.16
450114,0.1
450117,0.12
450118,0.09
450124,0.15
450141,0.21
450145,0.1
450148,0.14
450169,0.06
450172,0.26
450173,0.1
450180,0.16
450182,0.08
450190,0.17
450200,0.09
450216,0.1
450221,0.16
450227,0.24
450229,0.14
450233,0.2
450244,0.19
450251,0.27
450260,0.09
450266,0.25
450267,0.11
450272,0.06
450280,0.09
450287,0.1
450290,0.09
450291,0.4
450303,0.02
450310,0.07
450311,0.24
450358,0.06
450373,0.09
450376,0.16
450383,0.07
450395,0.21
450398,0.31
450412,0.25
450415,0.09
450420,0.08
450421,0.28
450427,0.09
450428,0.19
450429,0.16
450433,0.12
450443,0.15
450453,0.11
450454,0.06
450458,0.13
450464,0.14
450469,0.2
450475,0.2
450478,0.19
450498,0.09
450501,0.29
450503,0.06
450513,0.3
450523,0.04
450530,0.18
450537,0.1
450543,0.07
450554,0.1
450555,0.07
450558,0.13
450568,0.04
450569,0.05
450580,0.11
450581,0.11
450588,0.09
450589,0.13
450602,0.14
450603,0.05
450621,0.16
450626,0.44
450640,0.1
450641,0.15
450644,0.2
450658,0.24
450672,0.22
450685,0.16
450687,0.24
450689,0.16
450690,0.12
450693,0.12
450699,0.07
450706,0.16
450708,0.22
450710,0.16
450716,0.14
450722,0.07
450752,0.22
450759,0.13
450763,0.16
450767,0.17
450768,0.18
450772,0.13
450778,0.15
450781,0.2
450788,0.14
450792,0.09
450817,0.08
450820,0.05
450835,0.15
450848,0.26
450853,0.3
450865,0.11
450878,0.09
450883,0.09
450885,0.17
450896,0.18
450897,0.17
450898,0.22
450904,0.23
450908,0.19
450917,0.09
450921,0.12
450923,0.15
450926,0.21
450929,0.19
450937,0.17
450963,0.15
450971,0.3
450973,0.09
450978,0.18
450982,0.06
450995,0.14
450997,0.13
451033,0.14
451035,0.07
451037,0.18
451039,0.18
451063,0.05
451079,0.13
451081,0.17
451083,0.17
451100,0.17
451101,0.14
451104,0.12
451109,0.08
451119,0.07
451124,0.12
451126,0.1
451146,0.19
451155,0.12
451156,0.09
451160,0.17
451163,0.14
451168,0.12
451175,0.09
451184,0.15
451189,0.22
451206,0.09
451208,0.07
451225,0.11
451226,0.15
451228,0.36
451230,0.33
451235,0.1
451239,0.12
451242,0.05
451247,0.17
451248,0.12
451255,0.12
451261,0.19
451270,0.18
451277,0.14
451278,0.18
451282,0.22
451283,0.09
451302,0.14
451310,0.12
451315,0.15
451328,0.12
451330,0.14
451331,0.24
451338,0.08
451342,0.23
451347,0.06
451350,0.18
451351,0.09
451354,0.05
451358,0.09
451370,0.09
451379,0.22
451383,0.14
451390,0.22
451391,0.14
451392,0.22
451412,0.14
451422,0.12
451429,0.1
451432,0.15
451437,0.1
451442,0.19
451455,0.16
451457,0.1
451464,0.12
451472,0.1
451474,0.22
451488,0.18
451512,0.1
451516,0.23
451519,0.39
451528,0.15
451531,0.19
451551,0.24
451564,0.12
451570,0.15
451571,0.14
451575,0.12
451576,0.2
451582,0.24
451586,0.08
451587,0.22
451594,0.11
451596,0.21
451600,0.16
451615,0.08
451616,0.15
451646,0.23
451648,0.28
451650,0.1
451651,0.13
451662,0.13
451675,0.05
451680,0.13
451682,0.15
451688,0.09
451691,0.1
451698,0.14
451703,0.16
451709,0.14
451714,0.11
451716,0.13
451719,0.09
451724,0.15
451726,0.1
451733,0.09
451743,0.17
451747,0.09
451756,0.13
451761,0.14
451762,0.19
451768,0.05
451785,0.02
451805,0.05
451811,0.26
451817,0.13
451823,0.21
451831,0.16
451840,0.16
451845,0.13
451852,0.2
451855,0.19
451856,0.1
451871,0.16
451873,0.16
451897,0.1
451907,0.12
451908,0.19
451919,0.1
451932,0.12
451934,0.08
451935,0.14
451936,0.14
451938,0.15
451954,0.14
451958,0.18
451976,0.27
451977,0.14
451983,0.19
452000,0.11
452023,0.13
452024,0.06
452028,0.15
452039,0.12
452043,0.17
452047,0.17
452067,0.18
452069,0.08
452071,0.09
452096,0.23
452101,0.21
452107,0.18
452108,0.1
452109,0.14
452123,0.09
452127,0.09
452131,0.11
452133,0.08
452136,0.27
452137,0.2
452142,0.14
452147,0.1
452158,0.16
452172,0.18
452190,0.18
452191,0.13
452192,0.11
452195,0.19
452209,0.17
452237,0.16
452239,0.06
452242,0.22
452246,0.09
452249,0.16
452263,0.15
452267,0.12
452273,0.1
452274,0.21
452291,0.23
452310,0.18
452319,0.16
452325,0.07
452328,0.11
452330,0.14
452332,0.14
452337,0.08
452353,0.29
452356,0.39
452368,0.11
452379,0.29
452380,0.29
452396,0.09
452398,0.08
452401,0.12
452408,0.13
452409,0.19
452414,0.1
452418,0.19
452422,0.17
452430,0.12
452432,0.06
452451,0.15
452455,0.14
452495,0.12
452497,0.2
452511,0.06
452514,0.12
452522,0.27
452529,0.12
452530,0.3
452542,0.1
452545,0.15
452558,0.13
452592,0.19
452604,0.07
452616,0.04
452619,0.12
452620,0.13
452630,0.2
452644,0.17
452658,0.11
452663,0.13
452668,0.16
452672,0.15
452679,0.11
452685,0.15
452690,0.21
452701,0.11
452702,0.21
452708,0.14
452714,0.11
452718,0.1
452731,0.11
452733,0.2
452741,0.11
452748,0.11
452750,0.08
452753,0.12
452759,0.16
452767,0.19
452768,0.42
452788,0.11
452802,0.06
452807,0.17
452819,0.11
452820,0.13
452821,0.08
452840,0.24
452851,0.13
452861,0.17
452865,0.11
452871,0.13
452882,0.21
452903,0.11
452906,0.14
452907,0.21
452914,0.15
452929,0.13
452931,0.18
452932,0.13
452948,0.08
452950,0.06
452963,0.16
452974,0.06
452982,0.25
452984,0.25
452994,0.03
452995,0.12
452998,0.12
453003,0.18
453021,0.11
453040,0.23
453042,0.18
453052,0.13
453056,0.07
453066,0.1
453067,0.07
453072,0.08
453085,0.15
453093,0.16
453094,0.1
453100,0.09
453101,0.08
453107,0.18
453110,0.18
453111,0.17
453113,0.09
453114,0.11
453124,0.09
453129,0.08
453142,0.07
453145,0.21
453152,0.1
453159,0.19
453168,0.09
453196,0.13
453212,0.17
453214,0.16
453215,0.12
453220,0.08
453230,0.36
453233,0.19
453235,0.07
453244,0.16
453248,0.34
453262,0.1
453268,0.15
453283,0.11
453284,0.14
453287,0.16
453299,0.16
453314,0.17
453322,0.11
453349,0.33
453354,0.26
453356,0.19
453359,0.15
453366,0.09
453367,0.23
453372,0.03
453378,0.29
453390,0.15
453397,0.12
453403,0.12
453406,0.27
453412,0.18
453415,0.3
453428,0.26
453431,0.13
453442,0.11
453449,0.21
453465,0.07
453473,0.2
453476,0.1
453479,0.13
453480,0.08
453481,0.09
453493,0.07
453494,0.13
453507,0.18
453509,0.13
453514,0.18
453524,0.19
453534,0.12
453538,0.12
453544,0.13
453549,0.13
453550,0.17
453551,0.08
453556,0.13
453560,0.21
453566,0.24
453569,0.17
453579,0.09
453582,0.11
453586,0.18
453618,0.13
453620,0.19
453655,0.28
453659,0.11
453668,0.1
453681,0.1
453686,0.19
453687,0.23
453704,0.04
453707,0.17
453708,0.1
453709,0.16
453715,0.04
453721,0.15
453725,0.08
453727,0.1
453747,0.12
453753,0.21
453755,0.11
453761,0.14
453763,0.12
453766,0.08
453774,0.12
453781,0.29
453790,0.12
453797,0.33
453808,0.24
453814,0.21
453836,0.15
453837,0.06
453843,0.12
453844,0.07
453871,0.04
453881,0.21
453892,0.17
453893,0.14
453894,0.1
453895,0.13
453903,0.23
453906,0.22
453918,0.15
453924,0.18
453930,0.14
453940,0.13
453944,0.22
453947,0.23
453949,0.14
453952,0.18
453959,0.19
453971,0.16
453986,0.25
453988,0.11
453989,0.28
453999,0.24
454007,0.21
454021,0.08
454023,0.31
454036,0.12
454046,0.09
454052,0.15
454066,0.09
454070,0.23
454071,0.15
454075,0.21
454080,0.06
454085,0.15
454097,0.17
454103,0.08
454105,0.18
454108,0.18
454109,0.22
454137,0.19
454150,0.06
454155,0.06
454164,0.1
454165,0.12
454170,0.24
454173,0.09
454181,0.16
454183,0.2
454188,0.21
454192,0.03
454198,0.19
454200,0.1
454209,0.06
454211,0.36
454212,0.1
454218,0.26
454220,0.11
454231,0.08
454242,0.15
454245,0.06
454261,0.18
454269,0.16
454271,0.13
454287,0.2
454293,0.22
454296,0.11
454304,0.22
454313,0.21
454315,0.2
454321,0.08
454333,0.19
454334,0.06
454345,0.2
454347,0.09
454361,0.18
454380,0.14
454382,0.21
454386,0.14
454390,0.19
454396,0.14
454398,0.25
454403,0.06
454405,0.07
454406,0.17
454412,0.09
454418,0.16
454436,0.15
454443,0.09
454449,0.06
454457,0.19
454466,0.1
454471,0.22
454476,0.38
454489,0.28
454493,0.19
454495,0.2
454497,0.05
454522,0.06
454554,0.2
454557,0.14
454560,0.1
454561,0.06
454563,0.07
454565,0.11
454566,0.22
454578,0.13
454605,0.13
454608,0.2
454612,0.06
454618,0.14
454622,0.08
454631,0.23
454638,0.21
454639,0.14
454640,0.3
454653,0.18
454663,0.17
454664,0.18
454674,0.3
454678,0.28
454680,0.11
454687,0.15
454690,0.11
454698,0.3
454700,0.11
454707,0.08
454714,0.1
454722,0.2
454723,0.15
454739,0.21
454745,0.1
454763,0.13
454765,0.04
454774,0.17
454778,0.14
454780,0.17
454781,0.16
454789,0.14
454801,0.13
454802,0.19
454835,0.17
454837,0.18
454841,0.06
454872,0.18
454878,0.28
454884,0.08
454891,0.17
454897,0.12
454908,0.09
454912,0.15
454922,0.1
454929,0.1
454935,0.1
454946,0.19
454959,0.21
454970,0.14
454991,0.12
455002,0.25
455005,0.27
455016,0.29
455021,0.18
455022,0.15
455024,0.2
455044,0.29
455050,0.07
455055,0.16
455056,0.26
455067,0.13
455069,0.22
455082,0.17
455087,0.09
455088,0.15
455112,0.16
455126,0.12
455132,0.08
455135,0.22
455148,0.13
455156,0.12
455161,0.25
455162,0.15
455164,0.22
455171,0.17
455174,0.11
455175,0.14
455184,0.3
455188,0.18
455200,0.24
455209,0.19
455212,0.15
455217,0.18
455222,0.11
455223,0.15
455228,0.15
455243,0.1
455246,0.13
455255,0.1
455262,0.17
455268,0.17
455277,0.23
455281,0.25
455296,0.17
455297,0.15
455322,0.06
455326,0.32
455327,0.3
455328,0.13
455368,0.13
455374,0.2
455377,0.13
455378,0.09
455379,0.11
455395,0.08
455424,0.21
455425,0.09
455429,0.13
455434,0.17
455436,0.19
455438,0.12
455439,0.11
455440,0.13
455441,0.09
455481,0.11
455482,0.16
455483,0.08
455484,0.19
455489,0.14
455490,0.07
455513,0.24
455515,0.16
455536,0.11
455537,0.21
455538,0.11
455539,0.27
455567,0.17
455583,0.14
455607,0.05
455636,0.32
455638,0.18
455640,0.18
455644,0.16
455645,0.08
455648,0.16
455650,0.09
455658,0.16
455694,0.21
455695,0.05
455696,0.14
455703,0.26
455742,0.17
455748,0.17
455749,0.19
455750,0.22
455751,0.1
455752,0.18
455787,0.23
455798,0.15
455802,0.11
455803,0.21
455804,0.06
455805,0.1
455829,0.09
455840,0.17
455849,0.16
455850,0.2
455852,0.31
455854,0.13
455863,0.19
455897,0.2
455902,0.14
455907,0.1
455908,0.16
455909,0.17
455940,0.17
455955,0.34
455958,0.22
455959,0.15
455960,0.1
455961,0.26
455962,0.19
455963,0.15
455965,0.07
456007,0.27
456008,0.14
456009,0.08
456010,0.1
456011,0.09
456013,0.2
456028,0.26
456058,0.15
456111,0.25
456114,0.24
456115,0.17
456116,0.04
456119,0.12
456120,0.17
456122,0.12
456123,0.15
456166,0.16
456167,0.15
456168,0.19
456169,0.11
456170,0.18
456189,0.15
456202,0.27
456221,0.12
456222,0.16
456223,0.22
456224,0.14
456250,0.19
